180 5613
1 105 2
2 240 4
3 174 10
4 248 5
5 249 4
6 191 5
7 221 10
8 277 4
9 212 5
10 133 0
11 183 4
12 130 1
13 297 9
14 270 5
15 298 7
16 131 3
17 230 3
18 140 6
19 124 7
20 197 3
21 103 1
22 143 7
23 186 1
24 201 2
25 177 0
26 168 6
27 162 0
28 252 5
29 231 8
30 229 4
31 114 1
32 210 7
33 193 5
34 156 5
35 272 1
36 183 7
37 185 5
38 192 4
39 223 2
40 223 0
41 235 0
42 273 3
43 186 3
44 292 4
45 239 9
46 231 10
47 284 7
48 211 10
49 195 9
50 244 1
51 105 2
52 194 4
53 186 10
54 233 5
55 108 10
56 111 9
57 280 5
58 292 0
59 246 5
60 103 0
61 250 8
62 107 2
63 141 9
64 294 1
65 139 1
66 155 6
67 134 3
68 208 1
69 256 2
70 110 7
71 278 0
72 170 8
73 275 1
74 290 0
75 144 10
76 229 9
77 277 0
78 104 6
79 185 6
80 157 0
81 265 0
82 186 5
83 197 0
84 273 10
85 174 3
86 168 7
87 131 0
88 177 7
89 196 7
90 238 7
91 219 6
92 197 8
93 101 3
94 223 4
95 200 10
96 271 10
97 218 1
98 181 3
99 243 10
100 192 7
101 256 3
102 160 1
103 126 1
104 270 10
105 199 4
106 120 1
107 118 7
108 287 3
109 153 8
110 233 0
111 251 10
112 131 6
113 225 0
114 180 4
115 157 9
116 122 9
117 245 6
118 239 9
119 276 0
120 168 4
121 178 7
122 194 5
123 253 5
124 187 5
125 117 0
126 210 3
127 159 7
128 163 1
129 144 2
130 178 4
131 155 7
132 136 6
133 125 2
134 292 10
135 249 0
136 110 1
137 104 4
138 247 9
139 233 9
140 289 0
141 206 10
142 137 6
143 233 1
144 128 1
145 155 4
146 222 0
147 189 6
148 200 7
149 143 0
150 263 4
151 242 3
152 209 8
153 214 10
154 137 4
155 205 7
156 213 9
157 103 7
158 259 7
159 190 0
160 158 5
161 182 2
162 282 5
163 113 3
164 287 1
165 233 8
166 234 4
167 237 10
168 282 1
169 277 6
170 171 6
171 201 3
172 249 0
173 110 1
174 240 7
175 229 10
176 146 8
177 203 4
178 118 7
179 249 2
180 284 8
181 287 6
182 102 5
183 172 5
184 115 9
185 260 6
186 278 4
187 295 0
188 196 6
189 204 1
190 192 3
191 189 6
192 128 10
193 246 6
194 234 4
195 294 6
196 165 0
197 187 2
198 234 5
199 239 4
200 272 2
201 263 2
202 244 7
203 103 1
204 198 0
205 171 10
206 290 8
207 276 5
208 175 9
209 243 9
210 250 4
211 294 7
212 283 4
213 236 1
214 273 7
215 269 3
216 232 4
217 280 7
218 113 9
219 274 10
220 155 9
221 173 3
222 262 9
223 157 0
224 138 9
225 266 3
226 267 1
227 116 0
228 276 7
229 240 7
230 230 4
231 260 9
232 160 1
233 276 0
234 277 7
235 254 3
236 159 0
237 159 6
238 281 1
239 243 6
240 105 5
241 145 10
242 235 7
243 184 4
244 294 0
245 274 3
246 132 5
247 261 1
248 178 4
249 178 9
250 113 2
251 247 3
252 240 2
253 206 2
254 100 2
255 298 6
256 143 8
257 182 1
258 263 10
259 155 7
260 146 10
261 116 1
262 152 2
263 190 6
264 137 2
265 281 6
266 227 7
267 159 1
268 291 1
269 208 3
270 210 4
271 264 8
272 179 5
273 168 2
274 115 6
275 193 6
276 205 8
277 133 1
278 114 4
279 152 3
280 265 9
281 106 1
282 240 3
283 215 7
284 239 0
285 191 0
286 221 9
287 119 8
288 106 5
289 185 0
290 111 0
291 198 7
292 241 8
293 152 4
294 242 5
295 149 4
296 129 2
297 293 4
298 299 9
299 180 7
300 268 6
301 222 2
302 158 1
303 297 6
304 206 6
305 129 8
306 194 5
307 230 5
308 259 7
309 132 8
310 172 5
311 224 9
312 212 0
313 231 2
314 177 5
315 262 2
316 273 3
317 266 6
318 121 2
319 134 0
320 269 7
321 174 8
322 225 3
323 109 4
324 282 10
325 136 10
326 300 5
327 221 10
328 164 10
329 192 9
330 145 7
331 162 7
332 261 6
333 190 0
334 142 9
335 251 4
336 156 5
337 244 4
338 228 6
339 267 0
340 105 10
341 193 4
342 111 0
343 208 5
344 191 7
345 236 4
346 153 9
347 204 5
348 260 4
349 265 3
350 287 7
351 104 7
352 195 3
353 214 8
354 104 9
355 166 10
356 188 6
357 273 0
358 195 0
359 152 4
360 184 10
361 254 10
362 110 4
363 253 8
364 297 3
365 107 2
366 190 8
367 186 10
368 209 10
369 201 8
370 290 3
371 162 1
372 280 10
373 201 4
374 208 10
375 246 0
376 216 4
377 197 6
378 184 2
379 204 3
380 150 1
381 196 4
382 252 4
383 296 3
384 147 5
385 226 1
386 118 2
387 181 0
388 296 3
389 265 4
390 286 7
391 140 8
392 158 5
393 276 3
394 188 8
395 291 9
396 201 8
397 266 2
398 219 0
399 133 4
400 140 8
401 162 1
402 125 2
403 130 1
404 229 3
405 224 1
406 237 0
407 179 3
408 215 1
409 223 6
410 260 0
411 147 10
412 252 2
413 293 4
414 222 1
415 112 2
416 257 1
417 156 5
418 295 1
419 196 8
420 234 9
421 131 4
422 101 1
423 268 2
424 222 3
425 181 7
426 206 5
427 156 6
428 225 0
429 128 9
430 113 6
431 274 6
432 146 3
433 299 6
434 162 7
435 237 7
436 203 7
437 281 10
438 193 10
439 280 9
440 265 6
441 243 10
442 280 6
443 280 8
444 191 1
445 200 9
446 236 5
447 240 1
448 196 8
449 219 8
450 128 10
451 300 2
452 256 0
453 261 7
454 245 5
455 278 1
456 286 9
457 143 1
458 148 7
459 109 8
460 176 0
461 253 5
462 222 7
463 201 10
464 143 6
465 227 7
466 193 1
467 216 2
468 267 4
469 208 3
470 150 6
471 288 7
472 213 0
473 287 7
474 154 1
475 160 2
476 215 0
477 123 7
478 226 7
479 150 2
480 128 1
481 139 6
482 265 1
483 193 8
484 111 4
485 254 7
486 260 0
487 167 7
488 145 10
489 243 9
490 158 8
491 134 6
492 116 0
493 295 6
494 233 0
495 158 9
496 211 1
497 101 1
498 226 6
499 300 6
500 170 4
501 187 0
502 206 10
503 176 4
504 114 6
505 268 1
506 230 0
507 114 7
508 137 4
509 157 7
510 185 0
511 186 10
512 163 6
513 127 6
514 275 0
515 153 5
516 166 8
517 130 3
518 256 9
519 254 8
520 241 3
521 251 0
522 153 0
523 244 2
524 236 3
525 240 10
526 217 0
527 107 5
528 192 2
529 283 10
530 258 0
531 145 0
532 244 3
533 209 9
534 116 6
535 128 4
536 250 3
537 272 8
538 203 10
539 201 1
540 286 10
541 120 5
542 172 10
543 300 0
544 167 1
545 261 7
546 284 8
547 148 5
548 126 8
549 193 0
550 283 0
551 264 3
552 194 10
553 117 5
554 193 5
555 170 4
556 194 0
557 249 5
558 125 7
559 132 1
560 229 2
561 133 6
562 128 6
563 220 8
564 192 10
565 251 1
566 275 6
567 169 8
568 296 8
569 245 6
570 166 7
571 291 3
572 172 5
573 189 2
574 283 0
575 125 10
576 270 9
577 137 5
578 155 1
579 144 6
580 189 3
581 173 8
582 127 7
583 285 8
584 252 1
585 154 5
586 298 5
587 126 2
588 101 8
589 136 0
590 162 3
591 105 6
592 256 4
593 122 4
594 141 1
595 268 3
596 252 10
597 190 1
598 122 1
599 128 7
600 118 3
601 276 0
602 280 8
603 115 8
604 283 0
605 101 0
606 130 2
607 183 7
608 263 10
609 205 3
610 177 0
611 282 1
612 257 0
613 212 7
614 170 7
615 236 6
616 289 1
617 189 5
618 295 9
619 281 10
620 240 1
621 203 6
622 287 8
623 140 7
624 159 1
625 204 5
626 275 2
627 218 1
628 177 2
629 280 1
630 298 4
631 299 9
632 108 0
633 220 9
634 245 0
635 175 6
636 208 3
637 244 10
638 244 0
639 211 7
640 127 7
641 175 7
642 209 10
643 228 4
644 233 0
645 122 6
646 275 8
647 242 3
648 299 6
649 103 9
650 172 3
651 231 1
652 136 7
653 155 10
654 106 8
655 279 5
656 104 4
657 184 0
658 239 4
659 226 4
660 227 10
661 139 1
662 203 4
663 169 9
664 239 2
665 276 10
666 219 10
667 120 9
668 248 2
669 238 1
670 128 1
671 191 4
672 213 9
673 267 3
674 267 4
675 103 9
676 280 4
677 103 3
678 251 0
679 162 3
680 204 9
681 129 4
682 182 9
683 103 10
684 275 0
685 277 5
686 121 0
687 244 2
688 215 9
689 241 9
690 270 6
691 196 2
692 153 4
693 167 5
694 168 1
695 155 7
696 280 6
697 183 1
698 110 1
699 145 5
700 188 4
701 241 5
702 143 1
703 222 2
704 127 5
705 258 9
706 173 3
707 220 3
708 131 10
709 151 1
710 140 7
711 195 9
712 134 10
713 124 9
714 203 6
715 203 5
716 110 5
717 231 5
718 153 1
719 285 3
720 212 8
721 209 4
722 203 10
723 225 9
724 119 9
725 178 9
726 171 1
727 100 7
728 273 5
729 159 5
730 104 10
731 294 6
732 167 5
733 277 6
734 115 1
735 235 4
736 177 9
737 278 6
738 128 0
739 131 7
740 133 1
741 274 0
742 281 10
743 224 6
744 214 4
745 129 8
746 115 3
747 250 6
748 184 0
749 142 4
750 278 3
751 162 5
752 205 0
753 185 0
754 206 2
755 130 2
756 208 6
757 158 10
758 135 1
759 177 3
760 176 1
761 120 6
762 125 9
763 159 7
764 128 1
765 152 3
766 257 9
767 129 8
768 194 1
769 136 1
770 298 8
771 266 2
772 234 10
773 278 8
774 118 10
775 239 3
776 180 6
777 294 8
778 247 9
779 155 2
780 236 1
781 105 10
782 252 2
783 251 3
784 282 7
785 177 4
786 226 7
787 152 9
788 274 7
789 108 5
790 190 5
791 208 7
792 224 2
793 285 5
794 277 9
795 286 9
796 175 10
797 275 4
798 123 2
799 280 9
800 282 3
801 226 3
802 148 4
803 125 3
804 142 8
805 275 5
806 183 10
807 291 6
808 150 9
809 271 9
810 133 7
811 296 3
812 268 9
813 106 0
814 160 3
815 300 2
816 216 9
817 226 6
818 184 7
819 169 6
820 120 6
821 216 3
822 146 2
823 269 2
824 239 1
825 275 4
826 293 1
827 283 1
828 115 8
829 191 9
830 271 8
831 218 10
832 216 8
833 140 1
834 251 2
835 212 2
836 228 9
837 234 3
838 146 4
839 183 3
840 206 1
841 241 2
842 133 6
843 202 1
844 174 9
845 144 1
846 271 9
847 285 3
848 233 3
849 263 2
850 167 6
851 126 2
852 267 4
853 165 2
854 111 10
855 174 10
856 295 10
857 228 9
858 152 10
859 103 10
860 193 1
861 122 6
862 172 5
863 132 8
864 298 2
865 221 6
866 158 1
867 243 2
868 169 3
869 294 9
870 252 9
871 227 0
872 257 2
873 223 1
874 195 0
875 202 6
876 183 9
877 286 8
878 180 9
879 258 4
880 172 10
881 163 0
882 279 8
883 207 6
884 171 0
885 253 5
886 232 4
887 170 9
888 101 5
889 142 1
890 214 4
891 196 4
892 234 6
893 293 9
894 272 9
895 239 10
896 283 6
897 243 0
898 228 10
899 139 7
900 261 7
901 273 8
902 246 9
903 195 5
904 261 6
905 153 7
906 104 1
907 255 8
908 233 0
909 212 8
910 142 1
911 215 9
912 280 8
913 157 4
914 189 8
915 172 6
916 257 9
917 207 3
918 152 10
919 297 2
920 110 10
921 219 9
922 250 7
923 147 10
924 200 9
925 165 4
926 147 7
927 139 4
928 222 6
929 205 3
930 238 9
931 257 7
932 120 2
933 226 2
934 186 2
935 122 8
936 106 2
937 198 0
938 218 6
939 275 9
940 270 6
941 279 7
942 250 3
943 293 7
944 274 9
945 141 9
946 191 9
947 164 1
948 253 10
949 284 8
950 154 7
951 135 8
952 266 3
953 198 3
954 130 8
955 284 7
956 178 7
957 136 9
958 159 5
959 208 3
960 219 2
961 158 5
962 211 9
963 300 2
964 255 0
965 258 0
966 140 10
967 233 1
968 236 10
969 228 1
970 157 7
971 275 8
972 117 3
973 139 0
974 175 5
975 131 3
976 231 5
977 122 2
978 209 5
979 119 9
980 139 7
981 288 1
982 248 5
983 254 4
984 153 8
985 127 8
986 201 3
987 122 0
988 293 4
989 111 0
990 127 8
991 137 10
992 299 2
993 231 10
994 159 0
995 287 10
996 165 5
997 263 10
998 196 7
999 125 10
1000 153 8
1001 121 8
1002 255 3
1003 255 1
1004 216 7
1005 113 2
1006 109 0
1007 257 1
1008 288 10
1009 298 3
1010 213 5
1011 237 7
1012 189 3
1013 143 10
1014 277 2
1015 130 1
1016 122 10
1017 255 1
1018 246 5
1019 133 7
1020 172 5
1021 232 10
1022 175 7
1023 259 0
1024 152 4
1025 205 6
1026 195 0
1027 223 6
1028 114 3
1029 123 8
1030 260 6
1031 252 0
1032 138 7
1033 298 9
1034 287 1
1035 176 4
1036 240 9
1037 220 10
1038 266 9
1039 260 10
1040 183 5
1041 138 5
1042 169 3
1043 244 7
1044 241 5
1045 167 10
1046 131 10
1047 218 0
1048 222 2
1049 208 3
1050 234 7
1051 222 8
1052 140 2
1053 141 3
1054 245 9
1055 142 1
1056 195 4
1057 203 7
1058 187 9
1059 115 10
1060 147 4
1061 245 10
1062 128 7
1063 239 8
1064 136 8
1065 281 5
1066 211 1
1067 298 10
1068 246 5
1069 235 7
1070 245 1
1071 102 0
1072 211 9
1073 211 3
1074 257 10
1075 119 5
1076 276 1
1077 133 0
1078 256 10
1079 234 10
1080 112 8
1081 180 8
1082 274 10
1083 158 0
1084 146 5
1085 240 0
1086 174 6
1087 107 0
1088 169 2
1089 149 9
1090 243 4
1091 292 0
1092 145 8
1093 142 8
1094 155 4
1095 185 1
1096 157 5
1097 188 10
1098 145 6
1099 264 8
1100 125 4
1101 190 4
1102 213 6
1103 188 3
1104 219 6
1105 228 3
1106 106 7
1107 108 9
1108 144 8
1109 227 8
1110 204 10
1111 266 1
1112 174 0
1113 272 2
1114 187 9
1115 171 4
1116 143 6
1117 141 5
1118 252 10
1119 201 1
1120 276 0
1121 128 8
1122 124 8
1123 183 5
1124 262 6
1125 144 9
1126 163 10
1127 147 8
1128 141 0
1129 273 5
1130 300 3
1131 258 8
1132 294 1
1133 226 7
1134 266 2
1135 233 9
1136 287 2
1137 224 6
1138 127 1
1139 166 4
1140 268 1
1141 113 2
1142 154 7
1143 183 3
1144 276 1
1145 112 2
1146 161 9
1147 279 6
1148 122 5
1149 108 4
1150 151 9
1151 186 3
1152 289 10
1153 233 9
1154 240 9
1155 149 9
1156 274 8
1157 202 8
1158 210 4
1159 196 5
1160 267 8
1161 122 7
1162 197 2
1163 261 4
1164 298 2
1165 196 3
1166 296 4
1167 214 2
1168 119 8
1169 272 7
1170 255 0
1171 241 0
1172 206 8
1173 166 6
1174 182 8
1175 248 4
1176 109 4
1177 185 10
1178 251 0
1179 230 8
1180 218 7
1181 125 9
1182 132 1
1183 261 5
1184 119 3
1185 277 7
1186 149 6
1187 255 9
1188 109 6
1189 115 10
1190 298 0
1191 124 6
1192 168 1
1193 196 5
1194 290 8
1195 258 7
1196 158 1
1197 295 2
1198 257 9
1199 217 3
1200 251 3
1201 122 0
1202 131 1
1203 281 4
1204 132 6
1205 135 5
1206 266 3
1207 174 6
1208 138 6
1209 202 4
1210 213 4
1211 118 9
1212 239 1
1213 216 2
1214 223 10
1215 151 7
1216 208 1
1217 143 3
1218 241 9
1219 282 0
1220 100 3
1221 236 2
1222 199 7
1223 211 4
1224 174 1
1225 181 0
1226 253 9
1227 265 10
1228 271 9
1229 174 10
1230 278 3
1231 142 7
1232 281 10
1233 277 5
1234 231 4
1235 120 9
1236 168 0
1237 152 6
1238 168 9
1239 215 6
1240 205 8
1241 300 1
1242 225 0
1243 177 7
1244 235 10
1245 229 5
1246 125 2
1247 270 2
1248 123 9
1249 235 9
1250 102 5
1251 191 8
1252 254 8
1253 241 0
1254 265 7
1255 172 3
1256 167 0
1257 288 5
1258 155 2
1259 115 10
1260 243 10
1261 287 7
1262 244 9
1263 276 6
1264 179 9
1265 113 4
1266 201 9
1267 239 8
1268 213 5
1269 191 3
1270 147 7
1271 247 8
1272 257 8
1273 222 2
1274 128 5
1275 200 7
1276 121 1
1277 137 6
1278 275 5
1279 213 4
1280 212 4
1281 212 5
1282 104 7
1283 176 7
1284 219 1
1285 252 0
1286 171 0
1287 130 10
1288 285 2
1289 278 3
1290 204 9
1291 160 1
1292 151 7
1293 264 6
1294 196 5
1295 165 3
1296 269 8
1297 155 5
1298 216 7
1299 274 4
1300 131 5
1301 144 6
1302 127 2
1303 262 4
1304 107 8
1305 260 0
1306 267 4
1307 241 6
1308 114 0
1309 220 0
1310 163 2
1311 290 4
1312 232 6
1313 189 9
1314 250 3
1315 290 6
1316 191 1
1317 237 6
1318 294 0
1319 136 10
1320 147 8
1321 280 3
1322 178 10
1323 229 7
1324 294 10
1325 206 2
1326 251 2
1327 222 4
1328 166 9
1329 253 7
1330 223 4
1331 180 4
1332 158 8
1333 143 2
1334 210 4
1335 275 1
1336 120 3
1337 174 8
1338 151 2
1339 151 2
1340 206 2
1341 142 6
1342 165 7
1343 186 6
1344 131 3
1345 247 7
1346 219 8
1347 167 0
1348 177 5
1349 198 0
1350 119 1
1351 209 7
1352 228 2
1353 223 10
1354 128 8
1355 285 1
1356 192 4
1357 197 4
1358 189 4
1359 180 3
1360 269 3
1361 193 0
1362 200 7
1363 242 0
1364 265 0
1365 236 3
1366 156 5
1367 124 9
1368 298 5
1369 238 7
1370 294 5
1371 146 6
1372 143 6
1373 288 0
1374 177 7
1375 250 10
1376 162 5
1377 271 9
1378 271 2
1379 162 6
1380 140 4
1381 261 5
1382 116 10
1383 291 8
1384 130 8
1385 211 7
1386 143 4
1387 263 4
1388 108 5
1389 180 5
1390 276 7
1391 269 5
1392 154 1
1393 131 9
1394 274 2
1395 234 8
1396 300 9
1397 205 3
1398 252 2
1399 116 2
1400 220 0
1401 195 2
1402 282 0
1403 223 6
1404 157 10
1405 204 1
1406 243 0
1407 177 8
1408 130 2
1409 131 9
1410 244 1
1411 133 3
1412 125 8
1413 277 3
1414 174 5
1415 275 2
1416 157 1
1417 120 0
1418 231 1
1419 283 7
1420 286 3
1421 163 6
1422 146 9
1423 270 8
1424 114 5
1425 246 0
1426 176 10
1427 209 1
1428 205 5
1429 135 5
1430 107 6
1431 247 6
1432 139 3
1433 203 2
1434 246 2
1435 262 4
1436 106 6
1437 157 6
1438 232 6
1439 232 0
1440 120 10
1441 255 3
1442 223 5
1443 294 0
1444 177 2
1445 157 8
1446 290 10
1447 108 2
1448 249 4
1449 171 2
1450 295 10
1451 287 0
1452 242 8
1453 213 5
1454 294 4
1455 115 10
1456 177 5
1457 245 1
1458 245 10
1459 175 9
1460 210 2
1461 298 0
1462 293 3
1463 197 8
1464 223 1
1465 216 9
1466 208 10
1467 272 0
1468 233 0
1469 112 2
1470 248 4
1471 200 4
1472 113 1
1473 243 1
1474 198 4
1475 172 3
1476 293 5
1477 193 5
1478 140 3
1479 190 5
1480 102 1
1481 294 10
1482 135 2
1483 251 2
1484 261 5
1485 204 1
1486 150 2
1487 130 7
1488 162 1
1489 295 10
1490 283 0
1491 248 7
1492 135 4
1493 159 5
1494 117 4
1495 182 7
1496 290 5
1497 210 0
1498 132 5
1499 178 10
1500 156 4
1501 216 2
1502 150 7
1503 283 4
1504 218 9
1505 230 2
1506 295 7
1507 289 5
1508 243 1
1509 204 2
1510 232 10
1511 273 5
1512 272 2
1513 181 5
1514 241 9
1515 292 0
1516 263 10
1517 294 3
1518 114 2
1519 124 6
1520 201 0
1521 167 2
1522 239 8
1523 100 6
1524 253 6
1525 164 4
1526 219 10
1527 109 2
1528 271 5
1529 288 8
1530 154 1
1531 111 10
1532 203 3
1533 133 0
1534 130 0
1535 179 3
1536 117 10
1537 282 0
1538 181 2
1539 200 4
1540 209 3
1541 184 6
1542 152 1
1543 261 1
1544 280 2
1545 102 10
1546 196 10
1547 243 5
1548 235 0
1549 164 2
1550 133 10
1551 172 3
1552 109 1
1553 210 8
1554 164 6
1555 227 0
1556 261 7
1557 285 2
1558 131 5
1559 291 8
1560 282 9
1561 245 9
1562 183 9
1563 225 10
1564 134 9
1565 112 9
1566 129 3
1567 156 7
1568 222 5
1569 144 0
1570 268 3
1571 179 2
1572 151 5
1573 250 9
1574 205 9
1575 153 7
1576 129 4
1577 172 5
1578 148 9
1579 296 4
1580 286 8
1581 223 4
1582 142 10
1583 174 10
1584 263 10
1585 126 4
1586 148 2
1587 207 9
1588 260 0
1589 222 0
1590 155 6
1591 155 5
1592 265 5
1593 171 2
1594 222 6
1595 282 2
1596 282 2
1597 218 8
1598 213 5
1599 180 6
1600 264 10
1601 141 4
1602 222 6
1603 167 3
1604 208 6
1605 260 2
1606 200 7
1607 112 0
1608 182 0
1609 134 4
1610 198 2
1611 238 2
1612 220 1
1613 109 3
1614 195 3
1615 165 5
1616 232 9
1617 243 9
1618 236 9
1619 299 4
1620 148 6
1621 245 0
1622 223 10
1623 283 6
1624 181 9
1625 289 1
1626 228 7
1627 147 10
1628 216 0
1629 136 10
1630 192 5
1631 238 4
1632 157 10
1633 282 1
1634 132 6
1635 167 5
1636 119 0
1637 200 4
1638 250 0
1639 108 5
1640 285 3
1641 116 6
1642 241 3
1643 289 10
1644 222 10
1645 202 5
1646 212 5
1647 294 0
1648 132 7
1649 252 7
1650 265 9
1651 175 1
1652 226 5
1653 105 2
1654 157 5
1655 133 2
1656 229 7
1657 219 7
1658 137 2
1659 192 4
1660 202 4
1661 269 6
1662 122 4
1663 269 2
1664 184 7
1665 262 10
1666 130 7
1667 228 5
1668 146 9
1669 227 6
1670 266 5
1671 296 0
1672 217 10
1673 240 8
1674 164 3
1675 247 8
1676 192 7
1677 219 9
1678 184 9
1679 107 8
1680 163 8
1681 199 6
1682 109 2
1683 189 9
1684 296 0
1685 144 4
1686 185 6
1687 188 10
1688 129 6
1689 222 10
1690 254 6
1691 255 3
1692 280 0
1693 193 6
1694 188 2
1695 244 7
1696 299 2
1697 128 7
1698 199 2
1699 207 7
1700 151 8
1701 120 0
1702 157 7
1703 298 4
1704 278 6
1705 164 1
1706 143 7
1707 159 0
1708 276 3
1709 139 1
1710 291 1
1711 145 0
1712 126 4
1713 294 5
1714 100 7
1715 238 9
1716 130 0
1717 186 6
1718 238 3
1719 222 1
1720 232 7
1721 197 5
1722 166 4
1723 265 4
1724 214 5
1725 272 8
1726 273 9
1727 192 0
1728 164 8
1729 226 7
1730 245 1
1731 299 0
1732 106 4
1733 101 10
1734 201 7
1735 191 3
1736 178 4
1737 298 7
1738 125 8
1739 164 10
1740 232 6
1741 140 7
1742 247 7
1743 248 0
1744 183 3
1745 246 2
1746 113 3
1747 196 7
1748 188 9
1749 137 0
1750 153 5
1751 130 2
1752 112 4
1753 213 0
1754 139 3
1755 205 8
1756 136 9
1757 196 8
1758 168 3
1759 150 6
1760 188 3
1761 246 1
1762 173 8
1763 161 8
1764 168 5
1765 274 1
1766 225 5
1767 154 3
1768 293 0
1769 164 3
1770 211 10
1771 232 10
1772 240 3
1773 144 0
1774 231 9
1775 248 5
1776 271 6
1777 127 0
1778 120 6
1779 110 5
1780 116 2
1781 219 6
1782 168 1
1783 118 3
1784 119 4
1785 167 1
1786 191 2
1787 155 10
1788 149 10
1789 102 5
1790 200 3
1791 288 6
1792 110 6
1793 243 8
1794 125 8
1795 255 1
1796 168 3
1797 134 2
1798 229 0
1799 198 7
1800 176 9
1801 191 9
1802 117 9
1803 131 0
1804 119 8
1805 248 8
1806 295 5
1807 109 5
1808 114 10
1809 238 2
1810 208 9
1811 159 0
1812 144 8
1813 258 10
1814 242 3
1815 171 0
1816 206 1
1817 205 6
1818 210 4
1819 200 10
1820 181 8
1821 122 6
1822 206 9
1823 294 9
1824 124 1
1825 104 4
1826 105 5
1827 247 6
1828 146 8
1829 257 7
1830 165 5
1831 184 0
1832 164 10
1833 234 5
1834 200 10
1835 133 7
1836 195 10
1837 245 5
1838 120 3
1839 209 3
1840 240 10
1841 163 9
1842 180 9
1843 248 10
1844 242 7
1845 264 4
1846 103 8
1847 289 0
1848 144 4
1849 290 6
1850 261 3
1851 218 1
1852 224 5
1853 243 2
1854 180 10
1855 292 2
1856 112 2
1857 116 6
1858 195 10
1859 195 4
1860 235 4
1861 152 0
1862 157 9
1863 291 4
1864 118 8
1865 247 8
1866 229 10
1867 128 7
1868 103 0
1869 268 1
1870 232 9
1871 226 9
1872 181 0
1873 134 8
1874 254 9
1875 284 1
1876 232 5
1877 102 6
1878 209 2
1879 272 6
1880 287 2
1881 176 2
1882 185 8
1883 247 10
1884 265 4
1885 141 9
1886 138 10
1887 239 10
1888 193 2
1889 215 2
1890 172 7
1891 261 0
1892 170 9
1893 209 1
1894 109 7
1895 142 0
1896 196 5
1897 182 3
1898 294 7
1899 191 2
1900 121 5
1901 142 10
1902 130 0
1903 274 5
1904 259 3
1905 168 9
1906 117 6
1907 121 2
1908 265 8
1909 188 1
1910 228 4
1911 137 4
1912 139 2
1913 193 10
1914 200 10
1915 288 0
1916 212 7
1917 136 9
1918 272 2
1919 101 1
1920 242 8
1921 137 10
1922 139 10
1923 179 7
1924 298 3
1925 220 5
1926 240 8
1927 222 2
1928 296 6
1929 222 10
1930 265 7
1931 217 0
1932 213 4
1933 128 7
1934 189 5
1935 109 4
1936 272 8
1937 198 8
1938 134 10
1939 271 3
1940 266 5
1941 249 3
1942 264 4
1943 120 6
1944 253 9
1945 113 2
1946 190 6
1947 121 2
1948 201 6
1949 208 8
1950 300 0
1951 132 9
1952 246 4
1953 213 8
1954 275 2
1955 213 2
1956 245 5
1957 142 0
1958 167 2
1959 192 5
1960 214 0
1961 164 2
1962 239 4
1963 282 3
1964 115 4
1965 175 1
1966 225 8
1967 166 8
1968 234 3
1969 139 5
1970 150 0
1971 269 7
1972 225 2
1973 265 10
1974 252 2
1975 225 0
1976 200 5
1977 134 2
1978 100 5
1979 282 6
1980 279 1
1981 259 7
1982 295 4
1983 263 7
1984 205 1
1985 184 6
1986 209 4
1987 169 8
1988 230 10
1989 150 9
1990 203 10
1991 271 8
1992 130 0
1993 117 4
1994 120 8
1995 294 7
1996 173 8
1997 223 6
1998 300 3
1999 108 4
2000 114 5
2001 161 3
2002 131 0
2003 132 10
2004 148 2
2005 120 3
2006 283 10
2007 190 8
2008 200 1
2009 178 1
2010 153 7
2011 136 3
2012 124 3
2013 150 4
2014 174 5
2015 106 5
2016 177 6
2017 190 0
2018 153 1
2019 252 0
2020 271 5
2021 150 5
2022 181 5
2023 131 0
2024 167 0
2025 112 7
2026 265 10
2027 241 1
2028 280 3
2029 222 8
2030 128 4
2031 149 8
2032 284 6
2033 164 9
2034 111 1
2035 110 6
2036 215 1
2037 186 4
2038 107 5
2039 169 7
2040 243 6
2041 241 4
2042 184 4
2043 249 9
2044 298 8
2045 163 2
2046 281 3
2047 107 2
2048 220 3
2049 154 10
2050 179 2
2051 129 9
2052 168 4
2053 138 6
2054 269 4
2055 139 5
2056 217 3
2057 163 4
2058 174 6
2059 219 4
2060 125 4
2061 115 3
2062 145 0
2063 259 2
2064 124 2
2065 282 2
2066 238 9
2067 123 8
2068 289 7
2069 258 5
2070 144 5
2071 237 7
2072 300 3
2073 186 6
2074 241 0
2075 295 10
2076 212 4
2077 176 10
2078 209 10
2079 226 1
2080 158 0
2081 197 3
2082 143 8
2083 179 10
2084 224 8
2085 127 3
2086 124 3
2087 298 10
2088 160 4
2089 256 4
2090 230 8
2091 281 9
2092 124 3
2093 225 9
2094 144 8
2095 299 7
2096 239 10
2097 262 0
2098 123 5
2099 280 6
2100 166 4
2101 243 9
2102 289 2
2103 205 2
2104 279 1
2105 119 8
2106 172 7
2107 260 6
2108 289 7
2109 274 2
2110 137 8
2111 164 3
2112 274 1
2113 163 7
2114 176 9
2115 211 5
2116 211 5
2117 237 6
2118 234 0
2119 163 0
2120 268 2
2121 194 5
2122 171 7
2123 169 3
2124 137 8
2125 246 10
2126 282 10
2127 233 10
2128 193 4
2129 236 2
2130 197 1
2131 222 0
2132 198 2
2133 279 0
2134 169 1
2135 182 2
2136 177 2
2137 293 2
2138 293 10
2139 189 7
2140 204 2
2141 246 9
2142 156 4
2143 224 4
2144 295 2
2145 289 9
2146 174 5
2147 222 3
2148 196 3
2149 162 6
2150 239 6
2151 114 4
2152 186 1
2153 170 0
2154 187 7
2155 255 0
2156 220 2
2157 210 8
2158 287 8
2159 233 7
2160 169 2
2161 246 4
2162 156 3
2163 180 1
2164 122 6
2165 191 4
2166 249 1
2167 298 1
2168 199 2
2169 147 7
2170 237 1
2171 188 8
2172 114 8
2173 222 5
2174 275 9
2175 255 2
2176 113 6
2177 167 6
2178 143 7
2179 134 5
2180 188 9
2181 193 3
2182 241 6
2183 135 1
2184 265 0
2185 228 5
2186 230 8
2187 149 10
2188 203 8
2189 234 9
2190 108 5
2191 146 9
2192 252 8
2193 114 8
2194 124 5
2195 165 8
2196 218 3
2197 292 8
2198 125 6
2199 282 6
2200 282 2
2201 277 0
2202 148 6
2203 131 10
2204 169 0
2205 151 6
2206 266 7
2207 178 9
2208 243 6
2209 275 5
2210 206 10
2211 279 1
2212 147 7
2213 297 5
2214 289 10
2215 270 8
2216 132 3
2217 229 3
2218 193 8
2219 248 2
2220 222 6
2221 165 10
2222 106 8
2223 289 2
2224 278 10
2225 133 8
2226 268 2
2227 137 7
2228 247 3
2229 266 5
2230 285 2
2231 218 6
2232 157 6
2233 219 1
2234 155 7
2235 130 8
2236 190 7
2237 197 2
2238 253 8
2239 202 9
2240 190 2
2241 231 6
2242 261 8
2243 132 10
2244 289 1
2245 267 3
2246 281 8
2247 174 5
2248 287 1
2249 113 8
2250 129 9
2251 248 7
2252 100 7
2253 229 9
2254 130 10
2255 195 5
2256 252 7
2257 214 1
2258 240 1
2259 252 2
2260 241 9
2261 261 6
2262 229 1
2263 137 4
2264 260 3
2265 139 0
2266 250 8
2267 176 2
2268 191 7
2269 134 8
2270 193 7
2271 201 6
2272 177 7
2273 244 2
2274 134 2
2275 157 9
2276 236 4
2277 200 5
2278 114 1
2279 102 0
2280 116 8
2281 185 8
2282 144 5
2283 201 0
2284 263 3
2285 191 0
2286 224 1
2287 265 6
2288 136 2
2289 212 10
2290 246 5
2291 208 2
2292 199 4
2293 297 9
2294 103 9
2295 218 10
2296 274 2
2297 200 2
2298 166 8
2299 191 0
2300 116 0
2301 190 0
2302 123 10
2303 133 10
2304 199 9
2305 110 10
2306 119 0
2307 285 7
2308 105 6
2309 237 7
2310 276 1
2311 300 10
2312 119 9
2313 208 1
2314 130 5
2315 134 0
2316 106 6
2317 106 4
2318 267 5
2319 120 10
2320 148 9
2321 255 2
2322 232 4
2323 202 7
2324 222 2
2325 235 0
2326 249 4
2327 211 7
2328 196 1
2329 169 4
2330 173 6
2331 180 10
2332 202 5
2333 219 10
2334 137 4
2335 113 4
2336 129 10
2337 278 3
2338 212 3
2339 261 10
2340 141 10
2341 156 4
2342 259 2
2343 152 5
2344 120 1
2345 187 0
2346 104 0
2347 144 1
2348 200 6
2349 241 9
2350 219 3
2351 205 2
2352 131 6
2353 141 5
2354 228 1
2355 272 3
2356 223 5
2357 166 2
2358 167 2
2359 167 3
2360 138 1
2361 222 0
2362 185 9
2363 141 10
2364 152 8
2365 179 3
2366 177 1
2367 178 1
2368 154 10
2369 124 2
2370 196 10
2371 167 10
2372 295 2
2373 214 3
2374 137 8
2375 143 7
2376 269 10
2377 102 6
2378 274 2
2379 289 3
2380 260 9
2381 109 9
2382 241 5
2383 144 7
2384 211 1
2385 171 9
2386 220 3
2387 179 9
2388 140 8
2389 139 0
2390 181 5
2391 249 8
2392 160 4
2393 228 10
2394 293 4
2395 172 6
2396 180 2
2397 126 6
2398 188 5
2399 181 5
2400 214 5
2401 230 3
2402 133 3
2403 114 0
2404 227 7
2405 172 4
2406 127 2
2407 172 1
2408 162 8
2409 155 7
2410 263 5
2411 217 4
2412 141 9
2413 261 2
2414 248 1
2415 198 5
2416 116 1
2417 130 3
2418 113 0
2419 261 1
2420 193 9
2421 139 3
2422 129 2
2423 223 2
2424 176 7
2425 113 1
2426 274 0
2427 229 1
2428 226 8
2429 245 8
2430 285 1
2431 296 1
2432 162 8
2433 200 1
2434 141 0
2435 151 0
2436 284 0
2437 240 6
2438 243 3
2439 167 4
2440 139 2
2441 185 6
2442 166 9
2443 131 6
2444 203 9
2445 107 10
2446 255 9
2447 239 7
2448 280 5
2449 225 3
2450 286 2
2451 290 1
2452 269 3
2453 103 4
2454 216 10
2455 118 1
2456 196 2
2457 109 1
2458 236 8
2459 270 3
2460 252 6
2461 251 0
2462 254 8
2463 205 9
2464 141 5
2465 172 1
2466 181 2
2467 291 0
2468 150 10
2469 181 7
2470 147 7
2471 240 9
2472 291 5
2473 160 4
2474 177 3
2475 215 3
2476 247 4
2477 273 3
2478 245 2
2479 252 1
2480 244 9
2481 244 0
2482 180 6
2483 101 2
2484 118 4
2485 134 0
2486 211 8
2487 256 2
2488 137 8
2489 137 0
2490 182 1
2491 207 5
2492 120 4
2493 196 3
2494 159 1
2495 135 5
2496 147 0
2497 223 9
2498 272 5
2499 201 2
2500 125 9
2501 240 7
2502 264 7
2503 287 1
2504 222 1
2505 236 10
2506 256 8
2507 224 3
2508 147 3
2509 132 0
2510 131 8
2511 283 3
2512 166 6
2513 116 8
2514 115 8
2515 190 9
2516 272 7
2517 130 9
2518 188 5
2519 140 0
2520 145 5
2521 184 8
2522 129 5
2523 170 8
2524 135 5
2525 197 3
2526 246 0
2527 116 2
2528 299 10
2529 107 10
2530 185 6
2531 248 5
2532 265 2
2533 119 4
2534 244 3
2535 124 4
2536 161 3
2537 169 10
2538 237 3
2539 286 4
2540 181 5
2541 295 9
2542 168 2
2543 267 7
2544 196 0
2545 227 6
2546 281 8
2547 182 6
2548 222 3
2549 129 3
2550 132 7
2551 155 2
2552 209 9
2553 292 1
2554 221 6
2555 123 0
2556 236 4
2557 123 8
2558 200 3
2559 210 2
2560 280 6
2561 137 4
2562 102 7
2563 135 3
2564 179 5
2565 266 0
2566 120 3
2567 179 10
2568 122 4
2569 186 10
2570 289 4
2571 246 3
2572 172 6
2573 225 10
2574 219 7
2575 205 5
2576 228 2
2577 210 2
2578 265 6
2579 223 4
2580 125 10
2581 218 0
2582 283 5
2583 148 5
2584 280 5
2585 116 8
2586 188 10
2587 205 10
2588 235 5
2589 197 2
2590 169 6
2591 252 1
2592 141 7
2593 110 5
2594 202 6
2595 251 4
2596 296 2
2597 246 9
2598 253 8
2599 149 8
2600 139 2
2601 127 9
2602 176 3
2603 123 1
2604 184 9
2605 295 6
2606 261 9
2607 151 6
2608 110 1
2609 106 1
2610 168 5
2611 202 0
2612 210 3
2613 119 3
2614 249 6
2615 272 6
2616 104 2
2617 135 6
2618 127 8
2619 129 1
2620 291 6
2621 204 9
2622 255 5
2623 195 0
2624 136 9
2625 136 9
2626 241 7
2627 243 0
2628 204 6
2629 207 10
2630 130 5
2631 300 6
2632 247 3
2633 137 2
2634 282 3
2635 134 10
2636 241 4
2637 284 10
2638 134 1
2639 257 2
2640 271 10
2641 134 5
2642 135 6
2643 195 10
2644 268 0
2645 172 7
2646 103 4
2647 154 9
2648 133 7
2649 125 4
2650 126 10
2651 231 6
2652 211 6
2653 121 5
2654 129 8
2655 272 4
2656 154 7
2657 194 0
2658 239 3
2659 205 1
2660 286 6
2661 145 9
2662 245 4
2663 149 4
2664 206 0
2665 230 1
2666 214 4
2667 144 8
2668 248 7
2669 145 7
2670 163 7
2671 271 4
2672 209 2
2673 224 0
2674 240 0
2675 128 2
2676 287 3
2677 229 3
2678 170 1
2679 173 0
2680 271 8
2681 129 6
2682 275 5
2683 196 6
2684 127 2
2685 196 0
2686 227 10
2687 193 5
2688 142 10
2689 116 4
2690 119 4
2691 298 9
2692 242 2
2693 291 5
2694 149 4
2695 259 2
2696 290 0
2697 298 0
2698 100 8
2699 298 8
2700 217 8
2701 251 3
2702 160 0
2703 193 1
2704 208 5
2705 246 3
2706 258 5
2707 200 8
2708 240 3
2709 165 3
2710 296 5
2711 219 1
2712 125 9
2713 165 8
2714 187 6
2715 149 1
2716 138 6
2717 264 8
2718 272 4
2719 232 10
2720 275 9
2721 187 1
2722 159 9
2723 199 3
2724 191 9
2725 267 2
2726 216 0
2727 175 7
2728 283 6
2729 137 9
2730 294 5
2731 154 5
2732 145 1
2733 131 7
2734 267 7
2735 237 0
2736 216 9
2737 122 7
2738 240 3
2739 290 8
2740 108 10
2741 120 3
2742 239 6
2743 127 2
2744 247 7
2745 124 10
2746 137 9
2747 271 2
2748 168 2
2749 298 4
2750 292 0
2751 200 9
2752 125 5
2753 272 10
2754 170 5
2755 206 2
2756 187 1
2757 188 3
2758 174 1
2759 123 5
2760 201 9
2761 148 6
2762 269 9
2763 295 9
2764 140 4
2765 246 3
2766 202 9
2767 133 9
2768 153 9
2769 160 1
2770 254 7
2771 141 0
2772 110 9
2773 270 8
2774 219 3
2775 225 5
2776 294 7
2777 296 8
2778 288 0
2779 166 7
2780 206 3
2781 219 3
2782 251 6
2783 106 1
2784 299 0
2785 120 1
2786 243 1
2787 119 3
2788 296 6
2789 164 0
2790 123 8
2791 250 10
2792 151 7
2793 168 8
2794 226 6
2795 294 4
2796 118 9
2797 300 4
2798 284 0
2799 190 8
2800 253 1
2801 165 7
2802 225 5
2803 149 7
2804 161 7
2805 211 4
2806 264 5
2807 111 9
2808 149 7
2809 270 7
2810 124 2
2811 110 1
2812 184 3
2813 160 0
2814 246 10
2815 127 7
2816 165 4
2817 117 6
2818 219 7
2819 157 4
2820 209 3
2821 266 0
2822 194 9
2823 185 6
2824 240 8
2825 196 0
2826 231 9
2827 275 8
2828 273 3
2829 128 4
2830 183 8
2831 181 9
2832 115 0
2833 193 9
2834 293 6
2835 111 5
2836 125 10
2837 254 1
2838 225 0
2839 171 10
2840 284 2
2841 206 9
2842 119 10
2843 178 9
2844 121 6
2845 274 3
2846 109 6
2847 199 5
2848 159 2
2849 210 4
2850 246 6
2851 256 7
2852 134 9
2853 157 1
2854 196 3
2855 209 9
2856 287 1
2857 278 2
2858 128 1
2859 288 8
2860 273 1
2861 164 9
2862 270 4
2863 253 1
2864 104 10
2865 268 2
2866 260 3
2867 275 1
2868 107 7
2869 169 4
2870 199 1
2871 215 5
2872 124 6
2873 110 2
2874 173 7
2875 105 2
2876 149 6
2877 120 10
2878 192 5
2879 257 4
2880 187 6
2881 215 7
2882 283 10
2883 209 0
2884 224 9
2885 181 7
2886 202 10
2887 150 0
2888 169 0
2889 159 8
2890 111 9
2891 294 3
2892 278 8
2893 122 7
2894 111 6
2895 124 10
2896 190 9
2897 198 4
2898 258 10
2899 166 10
2900 180 0
2901 145 5
2902 184 6
2903 137 9
2904 136 1
2905 126 2
2906 266 5
2907 167 2
2908 256 6
2909 277 8
2910 135 8
2911 190 3
2912 224 5
2913 264 5
2914 177 4
2915 265 1
2916 155 10
2917 119 1
2918 258 2
2919 132 0
2920 204 1
2921 178 5
2922 155 2
2923 226 0
2924 128 7
2925 237 1
2926 229 9
2927 141 6
2928 150 10
2929 155 2
2930 249 7
2931 159 5
2932 136 9
2933 240 6
2934 290 7
2935 285 0
2936 210 2
2937 136 3
2938 146 10
2939 114 3
2940 102 4
2941 172 5
2942 280 1
2943 300 6
2944 236 5
2945 101 5
2946 105 2
2947 223 2
2948 105 5
2949 161 4
2950 115 4
2951 257 5
2952 262 5
2953 222 9
2954 145 3
2955 210 9
2956 138 10
2957 108 9
2958 249 4
2959 189 3
2960 169 5
2961 247 2
2962 290 6
2963 152 6
2964 105 3
2965 118 6
2966 272 5
2967 231 1
2968 235 0
2969 114 6
2970 175 4
2971 179 2
2972 129 3
2973 254 9
2974 259 4
2975 224 0
2976 243 4
2977 245 5
2978 270 10
2979 261 4
2980 106 5
2981 190 9
2982 281 0
2983 195 6
2984 267 3
2985 118 3
2986 243 3
2987 280 9
2988 213 7
2989 243 1
2990 116 10
2991 180 7
2992 168 7
2993 107 9
2994 255 3
2995 180 6
2996 276 1
2997 243 3
2998 247 9
2999 246 3
3000 161 6
3001 294 2
3002 177 1
3003 281 3
3004 125 8
3005 199 7
3006 113 6
3007 158 6
3008 182 8
3009 198 9
3010 254 4
3011 234 6
3012 297 8
3013 230 9
3014 171 1
3015 250 10
3016 132 0
3017 117 1
3018 255 3
3019 247 9
3020 142 4
3021 216 3
3022 281 0
3023 167 1
3024 201 1
3025 286 2
3026 246 2
3027 153 4
3028 277 4
3029 223 6
3030 210 2
3031 193 9
3032 186 8
3033 293 9
3034 206 1
3035 239 4
3036 220 7
3037 148 2
3038 229 8
3039 178 6
3040 294 4
3041 260 0
3042 131 7
3043 222 2
3044 222 8
3045 133 9
3046 174 3
3047 194 1
3048 105 4
3049 167 8
3050 290 0
3051 170 1
3052 211 1
3053 140 1
3054 217 7
3055 114 6
3056 261 6
3057 237 0
3058 283 3
3059 124 10
3060 235 6
3061 147 3
3062 108 1
3063 242 4
3064 294 9
3065 259 7
3066 253 1
3067 212 3
3068 268 0
3069 142 10
3070 190 10
3071 286 1
3072 235 0
3073 194 5
3074 212 7
3075 141 0
3076 188 2
3077 282 0
3078 240 1
3079 269 5
3080 203 5
3081 179 0
3082 117 5
3083 236 8
3084 278 1
3085 227 5
3086 199 0
3087 129 8
3088 215 4
3089 110 3
3090 123 4
3091 268 3
3092 259 1
3093 174 6
3094 209 9
3095 290 2
3096 267 0
3097 214 10
3098 155 10
3099 165 10
3100 188 10
3101 229 7
3102 264 6
3103 149 9
3104 238 0
3105 249 8
3106 169 9
3107 143 10
3108 281 7
3109 119 10
3110 265 0
3111 161 3
3112 111 3
3113 129 2
3114 180 9
3115 163 4
3116 236 1
3117 214 7
3118 229 1
3119 230 8
3120 164 8
3121 229 10
3122 193 1
3123 177 9
3124 160 5
3125 294 2
3126 145 9
3127 236 7
3128 288 2
3129 114 5
3130 142 10
3131 141 8
3132 226 7
3133 245 8
3134 204 3
3135 108 8
3136 128 3
3137 103 0
3138 245 2
3139 283 8
3140 296 4
3141 223 8
3142 135 6
3143 138 10
3144 121 7
3145 180 6
3146 136 3
3147 148 4
3148 151 2
3149 259 10
3150 245 10
3151 282 0
3152 151 5
3153 187 6
3154 204 9
3155 106 7
3156 234 10
3157 183 5
3158 245 0
3159 152 0
3160 128 0
3161 250 8
3162 140 2
3163 243 7
3164 132 5
3165 198 4
3166 174 1
3167 257 9
3168 217 3
3169 139 5
3170 294 0
3171 149 7
3172 141 0
3173 263 2
3174 210 2
3175 252 8
3176 218 6
3177 202 10
3178 157 10
3179 251 2
3180 299 4
3181 129 2
3182 209 4
3183 136 6
3184 188 4
3185 254 3
3186 298 3
3187 255 4
3188 246 9
3189 135 0
3190 254 0
3191 264 2
3192 246 0
3193 105 0
3194 113 4
3195 238 6
3196 158 7
3197 254 6
3198 152 9
3199 223 7
3200 214 3
3201 177 8
3202 193 4
3203 265 9
3204 143 3
3205 234 10
3206 168 1
3207 288 3
3208 259 2
3209 206 10
3210 241 6
3211 241 0
3212 151 5
3213 172 8
3214 214 8
3215 152 1
3216 233 9
3217 280 7
3218 279 2
3219 250 1
3220 186 0
3221 246 8
3222 132 0
3223 256 7
3224 159 8
3225 192 9
3226 190 0
3227 259 6
3228 235 2
3229 295 7
3230 220 1
3231 172 1
3232 224 4
3233 281 6
3234 130 10
3235 203 7
3236 175 3
3237 236 6
3238 237 8
3239 283 0
3240 113 6
3241 255 8
3242 274 4
3243 287 0
3244 267 7
3245 181 2
3246 110 5
3247 146 7
3248 185 4
3249 109 6
3250 210 7
3251 298 9
3252 221 5
3253 129 0
3254 122 8
3255 127 4
3256 142 6
3257 299 4
3258 237 10
3259 129 6
3260 131 3
3261 170 10
3262 269 5
3263 187 2
3264 121 9
3265 197 7
3266 211 6
3267 130 8
3268 160 4
3269 257 9
3270 141 7
3271 143 6
3272 270 1
3273 179 4
3274 176 4
3275 140 4
3276 100 9
3277 226 3
3278 197 3
3279 227 5
3280 100 3
3281 198 5
3282 249 3
3283 179 6
3284 240 6
3285 124 0
3286 244 8
3287 165 7
3288 225 8
3289 197 0
3290 229 1
3291 151 4
3292 231 2
3293 226 10
3294 296 0
3295 258 3
3296 232 0
3297 163 2
3298 125 1
3299 154 4
3300 106 7
3301 231 5
3302 100 10
3303 189 9
3304 248 8
3305 106 10
3306 120 5
3307 274 7
3308 271 3
3309 241 1
3310 120 8
3311 128 7
3312 159 1
3313 163 5
3314 163 9
3315 158 3
3316 114 5
3317 119 8
3318 137 6
3319 277 0
3320 124 8
3321 266 0
3322 273 9
3323 149 2
3324 275 2
3325 209 0
3326 177 9
3327 242 0
3328 286 10
3329 229 8
3330 230 1
3331 183 9
3332 144 1
3333 124 8
3334 264 2
3335 151 4
3336 275 10
3337 221 1
3338 194 8
3339 275 6
3340 278 4
3341 129 3
3342 173 8
3343 251 0
3344 176 8
3345 128 3
3346 215 8
3347 298 0
3348 230 0
3349 285 0
3350 182 3
3351 290 3
3352 177 3
3353 233 0
3354 279 9
3355 233 1
3356 266 3
3357 173 4
3358 248 0
3359 224 4
3360 221 2
3361 291 5
3362 260 10
3363 221 10
3364 218 4
3365 259 4
3366 101 7
3367 167 7
3368 219 8
3369 147 0
3370 281 7
3371 136 8
3372 158 2
3373 156 2
3374 290 6
3375 205 7
3376 220 10
3377 134 0
3378 290 8
3379 287 3
3380 125 6
3381 201 7
3382 189 6
3383 300 6
3384 236 0
3385 171 4
3386 281 0
3387 165 4
3388 139 0
3389 212 8
3390 268 8
3391 107 0
3392 130 10
3393 198 10
3394 244 5
3395 233 9
3396 138 5
3397 170 9
3398 122 6
3399 300 1
3400 128 4
3401 205 0
3402 299 4
3403 203 3
3404 180 4
3405 122 9
3406 215 7
3407 293 10
3408 238 3
3409 205 6
3410 293 8
3411 165 8
3412 209 6
3413 193 9
3414 281 1
3415 176 1
3416 197 10
3417 187 7
3418 259 6
3419 133 9
3420 140 3
3421 142 3
3422 247 7
3423 118 6
3424 246 10
3425 281 9
3426 247 10
3427 259 6
3428 262 4
3429 133 9
3430 292 0
3431 203 1
3432 106 5
3433 299 3
3434 224 1
3435 190 7
3436 156 5
3437 146 5
3438 209 1
3439 235 2
3440 293 3
3441 136 7
3442 146 3
3443 181 9
3444 235 2
3445 208 2
3446 111 1
3447 193 2
3448 216 0
3449 265 9
3450 205 7
3451 295 6
3452 289 3
3453 127 4
3454 231 2
3455 135 10
3456 248 3
3457 284 1
3458 275 7
3459 125 2
3460 147 5
3461 211 0
3462 181 10
3463 113 8
3464 289 1
3465 202 4
3466 115 7
3467 300 6
3468 103 7
3469 214 1
3470 169 1
3471 256 8
3472 208 4
3473 196 1
3474 263 8
3475 176 6
3476 139 9
3477 235 2
3478 230 10
3479 259 3
3480 225 5
3481 143 4
3482 149 9
3483 218 2
3484 221 10
3485 127 9
3486 210 5
3487 254 5
3488 241 2
3489 243 6
3490 220 4
3491 273 0
3492 149 4
3493 186 9
3494 290 2
3495 280 8
3496 284 7
3497 212 0
3498 159 0
3499 109 9
3500 103 9
3501 217 1
3502 186 2
3503 106 0
3504 226 0
3505 250 2
3506 216 4
3507 201 2
3508 207 2
3509 257 3
3510 253 3
3511 126 9
3512 108 10
3513 227 10
3514 223 10
3515 123 8
3516 155 3
3517 120 4
3518 228 8
3519 163 1
3520 224 5
3521 147 3
3522 235 4
3523 284 3
3524 170 3
3525 211 2
3526 277 1
3527 226 4
3528 159 4
3529 274 3
3530 262 10
3531 269 1
3532 183 9
3533 292 6
3534 120 8
3535 273 1
3536 109 5
3537 180 3
3538 211 4
3539 129 7
3540 131 2
3541 255 5
3542 247 7
3543 293 0
3544 271 5
3545 214 6
3546 221 3
3547 228 6
3548 177 1
3549 244 2
3550 174 4
3551 285 5
3552 271 1
3553 289 7
3554 149 2
3555 249 8
3556 142 8
3557 134 1
3558 175 8
3559 187 6
3560 143 7
3561 156 5
3562 207 8
3563 262 8
3564 122 5
3565 127 0
3566 159 6
3567 258 1
3568 111 2
3569 183 2
3570 140 2
3571 256 1
3572 168 6
3573 199 2
3574 287 3
3575 183 1
3576 259 9
3577 122 2
3578 219 8
3579 260 3
3580 261 10
3581 227 0
3582 200 2
3583 247 6
3584 131 2
3585 232 4
3586 293 8
3587 224 1
3588 151 2
3589 139 6
3590 278 3
3591 287 6
3592 285 5
3593 212 5
3594 198 1
3595 137 7
3596 162 7
3597 162 10
3598 238 7
3599 163 0
3600 240 0
3601 264 7
3602 224 2
3603 264 1
3604 295 6
3605 158 0
3606 193 6
3607 193 3
3608 215 8
3609 276 6
3610 210 1
3611 244 3
3612 296 8
3613 121 2
3614 136 9
3615 208 3
3616 203 0
3617 223 5
3618 242 1
3619 209 7
3620 222 0
3621 229 1
3622 167 8
3623 236 0
3624 251 8
3625 253 9
3626 283 2
3627 294 7
3628 169 0
3629 148 6
3630 284 4
3631 293 7
3632 276 5
3633 202 6
3634 240 7
3635 210 6
3636 151 8
3637 293 3
3638 107 3
3639 276 3
3640 161 1
3641 116 6
3642 257 4
3643 254 8
3644 280 1
3645 138 5
3646 237 7
3647 125 0
3648 145 1
3649 128 2
3650 109 6
3651 258 7
3652 216 1
3653 290 0
3654 182 3
3655 132 1
3656 186 7
3657 282 7
3658 219 6
3659 298 2
3660 198 4
3661 104 2
3662 268 9
3663 112 8
3664 123 9
3665 169 9
3666 223 4
3667 128 3
3668 168 5
3669 205 0
3670 184 5
3671 268 3
3672 129 10
3673 280 8
3674 265 9
3675 207 4
3676 158 10
3677 172 10
3678 193 4
3679 101 8
3680 129 5
3681 130 10
3682 170 8
3683 182 7
3684 300 9
3685 227 1
3686 288 0
3687 239 2
3688 210 1
3689 225 5
3690 231 9
3691 181 0
3692 186 1
3693 186 0
3694 190 1
3695 136 7
3696 116 7
3697 157 10
3698 227 9
3699 140 6
3700 163 7
3701 100 3
3702 155 9
3703 289 9
3704 142 3
3705 155 0
3706 105 1
3707 185 10
3708 138 0
3709 198 6
3710 160 2
3711 178 5
3712 265 1
3713 209 1
3714 298 9
3715 125 2
3716 183 5
3717 162 0
3718 155 2
3719 102 6
3720 159 5
3721 299 2
3722 138 0
3723 239 5
3724 102 7
3725 116 2
3726 176 2
3727 167 7
3728 198 8
3729 106 5
3730 274 5
3731 105 2
3732 300 7
3733 268 10
3734 173 3
3735 202 1
3736 222 0
3737 288 1
3738 291 2
3739 237 2
3740 172 6
3741 116 7
3742 156 1
3743 269 6
3744 297 6
3745 100 3
3746 265 4
3747 264 9
3748 206 4
3749 219 5
3750 281 5
3751 160 0
3752 279 1
3753 200 4
3754 202 10
3755 137 0
3756 103 10
3757 239 3
3758 261 1
3759 189 7
3760 279 0
3761 179 8
3762 180 2
3763 115 8
3764 252 9
3765 215 1
3766 261 0
3767 293 8
3768 228 4
3769 121 3
3770 266 0
3771 151 4
3772 167 10
3773 151 4
3774 151 1
3775 113 4
3776 192 2
3777 130 0
3778 205 3
3779 135 7
3780 123 6
3781 188 3
3782 261 10
3783 234 5
3784 203 8
3785 140 5
3786 276 9
3787 296 0
3788 158 1
3789 223 1
3790 157 8
3791 143 2
3792 150 2
3793 258 2
3794 194 9
3795 165 2
3796 130 4
3797 254 9
3798 212 10
3799 223 1
3800 191 8
3801 213 3
3802 239 9
3803 279 9
3804 245 7
3805 208 8
3806 187 4
3807 117 3
3808 271 8
3809 215 0
3810 237 2
3811 181 7
3812 219 0
3813 219 8
3814 107 1
3815 147 2
3816 154 2
3817 216 10
3818 265 1
3819 197 1
3820 141 2
3821 197 9
3822 142 2
3823 138 4
3824 178 2
3825 276 9
3826 212 9
3827 128 10
3828 268 2
3829 178 8
3830 297 3
3831 284 6
3832 267 5
3833 238 3
3834 270 3
3835 204 2
3836 150 9
3837 230 8
3838 124 9
3839 271 8
3840 173 3
3841 200 6
3842 188 7
3843 136 7
3844 129 6
3845 105 9
3846 147 1
3847 186 2
3848 103 5
3849 187 2
3850 119 8
3851 264 10
3852 246 1
3853 183 3
3854 234 9
3855 102 6
3856 138 10
3857 136 2
3858 102 4
3859 145 6
3860 113 10
3861 203 5
3862 263 10
3863 215 1
3864 137 6
3865 175 9
3866 185 7
3867 261 4
3868 274 3
3869 281 10
3870 128 2
3871 124 10
3872 243 6
3873 292 9
3874 173 5
3875 268 3
3876 246 3
3877 296 6
3878 294 5
3879 159 5
3880 220 2
3881 136 7
3882 277 5
3883 202 1
3884 126 0
3885 273 2
3886 182 5
3887 228 9
3888 116 3
3889 272 9
3890 262 4
3891 135 8
3892 262 0
3893 196 8
3894 299 5
3895 276 8
3896 255 0
3897 135 1
3898 143 8
3899 286 2
3900 103 6
3901 271 0
3902 132 6
3903 189 4
3904 174 4
3905 153 9
3906 262 4
3907 223 7
3908 256 2
3909 266 3
3910 298 2
3911 163 5
3912 181 0
3913 196 0
3914 206 10
3915 208 7
3916 171 10
3917 207 4
3918 213 5
3919 148 9
3920 157 0
3921 123 0
3922 167 5
3923 193 7
3924 119 6
3925 156 4
3926 145 0
3927 137 8
3928 139 6
3929 163 4
3930 109 10
3931 262 7
3932 241 8
3933 231 10
3934 224 2
3935 141 5
3936 168 7
3937 175 1
3938 164 8
3939 296 3
3940 232 4
3941 290 9
3942 174 2
3943 134 7
3944 147 2
3945 226 2
3946 270 3
3947 153 5
3948 219 9
3949 215 6
3950 141 5
3951 102 8
3952 149 5
3953 125 8
3954 212 1
3955 248 8
3956 227 7
3957 117 5
3958 253 2
3959 259 0
3960 296 9
3961 247 4
3962 287 1
3963 164 5
3964 228 2
3965 259 4
3966 260 9
3967 220 5
3968 239 3
3969 221 4
3970 298 5
3971 237 7
3972 234 3
3973 131 5
3974 280 6
3975 232 3
3976 207 7
3977 122 0
3978 125 5
3979 211 6
3980 170 5
3981 278 8
3982 158 4
3983 248 1
3984 188 1
3985 118 0
3986 191 3
3987 248 9
3988 123 1
3989 225 3
3990 278 9
3991 265 2
3992 103 5
3993 136 10
3994 170 6
3995 205 1
3996 239 3
3997 296 2
3998 126 9
3999 135 0
4000 258 6
4001 138 7
4002 161 4
4003 103 7
4004 225 3
4005 165 8
4006 175 8
4007 134 8
4008 299 7
4009 184 2
4010 221 6
4011 254 2
4012 179 1
4013 248 1
4014 210 5
4015 254 5
4016 137 6
4017 284 10
4018 290 9
4019 285 7
4020 213 6
4021 202 5
4022 276 3
4023 294 7
4024 202 7
4025 171 6
4026 258 8
4027 197 7
4028 238 4
4029 208 9
4030 219 7
4031 180 3
4032 186 4
4033 195 10
4034 245 4
4035 254 4
4036 289 0
4037 148 7
4038 152 2
4039 157 10
4040 146 8
4041 178 3
4042 210 5
4043 249 10
4044 247 9
4045 177 9
4046 274 4
4047 188 0
4048 281 8
4049 162 5
4050 282 7
4051 195 3
4052 276 2
4053 108 0
4054 286 6
4055 153 3
4056 234 1
4057 149 5
4058 221 1
4059 113 1
4060 164 8
4061 223 3
4062 292 4
4063 139 7
4064 108 9
4065 184 7
4066 246 9
4067 275 9
4068 185 1
4069 254 10
4070 193 0
4071 146 4
4072 236 8
4073 284 10
4074 156 7
4075 160 7
4076 194 9
4077 277 10
4078 257 4
4079 250 2
4080 138 8
4081 214 7
4082 275 6
4083 216 6
4084 234 0
4085 103 3
4086 243 6
4087 226 5
4088 273 3
4089 257 5
4090 292 6
4091 184 7
4092 121 0
4093 162 9
4094 259 1
4095 131 9
4096 249 2
4097 275 1
4098 241 9
4099 176 7
4100 207 1
4101 117 6
4102 265 1
4103 257 3
4104 193 7
4105 193 8
4106 144 10
4107 177 6
4108 205 4
4109 138 9
4110 203 10
4111 131 1
4112 246 2
4113 213 0
4114 197 6
4115 243 4
4116 132 10
4117 251 5
4118 225 0
4119 288 0
4120 209 3
4121 223 8
4122 135 8
4123 256 10
4124 119 10
4125 227 7
4126 179 5
4127 255 9
4128 287 2
4129 188 4
4130 166 5
4131 241 8
4132 176 4
4133 288 9
4134 203 0
4135 200 5
4136 151 3
4137 203 8
4138 254 3
4139 102 9
4140 155 7
4141 232 4
4142 129 10
4143 203 6
4144 204 6
4145 258 10
4146 151 8
4147 110 1
4148 169 0
4149 161 7
4150 219 6
4151 261 7
4152 151 1
4153 275 9
4154 214 1
4155 153 10
4156 194 2
4157 257 4
4158 295 6
4159 174 5
4160 121 7
4161 121 10
4162 215 6
4163 201 5
4164 294 1
4165 260 10
4166 103 2
4167 237 8
4168 206 4
4169 125 7
4170 112 2
4171 189 7
4172 299 1
4173 252 7
4174 113 6
4175 260 1
4176 138 10
4177 125 10
4178 227 1
4179 200 5
4180 169 9
4181 122 4
4182 202 5
4183 197 0
4184 273 10
4185 236 0
4186 221 4
4187 113 9
4188 244 1
4189 229 3
4190 243 10
4191 285 6
4192 134 7
4193 112 5
4194 158 3
4195 186 10
4196 230 1
4197 103 1
4198 283 2
4199 288 0
4200 280 7
4201 111 10
4202 216 5
4203 136 10
4204 141 1
4205 125 1
4206 232 10
4207 233 0
4208 132 0
4209 230 7
4210 143 1
4211 176 7
4212 283 10
4213 230 4
4214 273 3
4215 118 8
4216 175 6
4217 158 6
4218 277 8
4219 109 9
4220 106 7
4221 298 1
4222 226 3
4223 110 7
4224 178 7
4225 270 5
4226 194 2
4227 288 2
4228 253 8
4229 168 1
4230 282 5
4231 282 3
4232 291 0
4233 284 5
4234 245 6
4235 247 6
4236 258 1
4237 244 4
4238 261 6
4239 154 7
4240 167 10
4241 241 9
4242 245 3
4243 265 0
4244 289 3
4245 289 7
4246 273 0
4247 268 7
4248 239 10
4249 193 6
4250 196 9
4251 182 6
4252 220 3
4253 274 7
4254 214 8
4255 177 4
4256 282 5
4257 160 10
4258 151 3
4259 218 3
4260 180 6
4261 273 5
4262 193 7
4263 196 0
4264 264 6
4265 129 7
4266 229 0
4267 170 6
4268 240 10
4269 288 1
4270 283 4
4271 116 9
4272 168 0
4273 182 8
4274 210 7
4275 155 7
4276 157 7
4277 231 5
4278 202 2
4279 291 6
4280 170 0
4281 273 8
4282 121 9
4283 291 7
4284 138 3
4285 168 3
4286 155 5
4287 110 8
4288 160 2
4289 279 1
4290 169 3
4291 185 0
4292 284 7
4293 121 4
4294 266 5
4295 151 5
4296 150 6
4297 164 10
4298 209 7
4299 104 6
4300 288 5
4301 256 10
4302 262 6
4303 166 8
4304 120 8
4305 148 0
4306 228 10
4307 125 9
4308 299 7
4309 110 1
4310 130 6
4311 156 2
4312 110 3
4313 232 4
4314 294 8
4315 188 8
4316 229 7
4317 250 6
4318 177 1
4319 276 5
4320 269 3
4321 230 10
4322 235 5
4323 151 9
4324 136 5
4325 126 2
4326 201 5
4327 297 7
4328 199 7
4329 214 0
4330 187 10
4331 300 9
4332 231 1
4333 236 7
4334 267 0
4335 225 6
4336 207 1
4337 241 4
4338 137 2
4339 262 1
4340 293 7
4341 268 3
4342 113 7
4343 275 1
4344 290 0
4345 145 10
4346 184 2
4347 259 3
4348 159 0
4349 185 3
4350 150 0
4351 181 8
4352 181 1
4353 144 4
4354 127 0
4355 165 6
4356 143 6
4357 136 2
4358 273 4
4359 262 8
4360 267 9
4361 279 10
4362 273 10
4363 175 7
4364 292 7
4365 257 6
4366 184 8
4367 239 1
4368 199 1
4369 173 2
4370 288 10
4371 154 7
4372 186 4
4373 242 10
4374 155 0
4375 219 5
4376 114 6
4377 121 2
4378 147 0
4379 154 1
4380 247 1
4381 152 6
4382 234 3
4383 140 3
4384 161 1
4385 192 8
4386 242 8
4387 290 1
4388 150 0
4389 269 10
4390 233 7
4391 125 9
4392 270 9
4393 255 2
4394 191 9
4395 224 6
4396 191 9
4397 272 3
4398 119 1
4399 288 0
4400 187 0
4401 240 5
4402 167 2
4403 240 6
4404 165 6
4405 168 8
4406 166 5
4407 287 5
4408 227 6
4409 201 1
4410 186 0
4411 101 5
4412 143 7
4413 138 3
4414 127 10
4415 117 2
4416 145 9
4417 251 3
4418 297 3
4419 217 3
4420 269 0
4421 280 9
4422 154 7
4423 115 9
4424 223 3
4425 182 10
4426 281 4
4427 238 7
4428 226 6
4429 208 6
4430 102 4
4431 192 6
4432 148 2
4433 117 5
4434 118 4
4435 217 9
4436 134 4
4437 176 5
4438 257 4
4439 112 3
4440 261 7
4441 176 8
4442 238 1
4443 246 6
4444 101 2
4445 182 5
4446 252 10
4447 279 9
4448 153 1
4449 220 0
4450 268 8
4451 211 9
4452 290 10
4453 233 5
4454 201 1
4455 275 6
4456 136 0
4457 114 8
4458 276 2
4459 112 8
4460 145 9
4461 300 0
4462 183 0
4463 205 7
4464 192 8
4465 202 9
4466 166 7
4467 146 10
4468 237 3
4469 300 7
4470 180 8
4471 255 7
4472 221 7
4473 193 7
4474 159 10
4475 152 3
4476 265 10
4477 212 6
4478 105 1
4479 100 0
4480 209 2
4481 232 0
4482 216 5
4483 286 3
4484 245 10
4485 202 6
4486 224 1
4487 263 9
4488 242 0
4489 218 9
4490 156 8
4491 172 6
4492 161 8
4493 188 5
4494 110 3
4495 138 4
4496 289 10
4497 126 1
4498 261 5
4499 229 5
4500 130 3
4501 115 10
4502 262 9
4503 190 9
4504 262 0
4505 121 10
4506 169 4
4507 104 8
4508 130 8
4509 167 2
4510 133 10
4511 277 3
4512 273 5
4513 266 8
4514 236 0
4515 196 0
4516 141 7
4517 204 2
4518 271 5
4519 142 7
4520 230 5
4521 177 9
4522 284 0
4523 182 0
4524 254 1
4525 114 9
4526 211 5
4527 252 0
4528 184 2
4529 178 3
4530 166 9
4531 187 9
4532 111 5
4533 257 8
4534 211 2
4535 196 9
4536 294 3
4537 262 5
4538 175 9
4539 271 4
4540 206 4
4541 247 1
4542 162 9
4543 208 7
4544 219 5
4545 166 6
4546 128 9
4547 211 7
4548 198 1
4549 287 5
4550 165 7
4551 276 4
4552 207 4
4553 185 7
4554 288 3
4555 120 7
4556 161 0
4557 173 5
4558 181 7
4559 163 0
4560 206 10
4561 232 1
4562 297 1
4563 210 6
4564 183 10
4565 211 2
4566 194 8
4567 216 1
4568 269 9
4569 140 1
4570 176 2
4571 162 10
4572 226 5
4573 259 4
4574 113 6
4575 116 5
4576 244 3
4577 220 0
4578 272 3
4579 150 0
4580 198 10
4581 224 4
4582 230 5
4583 248 10
4584 268 0
4585 126 2
4586 267 3
4587 226 5
4588 253 5
4589 270 8
4590 213 0
4591 237 6
4592 225 2
4593 200 0
4594 134 5
4595 125 7
4596 163 7
4597 265 3
4598 117 6
4599 203 4
4600 134 6
4601 246 4
4602 261 4
4603 213 2
4604 244 7
4605 289 5
4606 140 2
4607 201 9
4608 294 3
4609 209 5
4610 296 0
4611 255 0
4612 262 2
4613 185 6
4614 226 3
4615 129 6
4616 235 6
4617 126 2
4618 191 7
4619 246 0
4620 278 10
4621 138 2
4622 273 3
4623 164 5
4624 260 8
4625 225 6
4626 282 9
4627 269 3
4628 145 8
4629 238 9
4630 176 1
4631 138 9
4632 219 9
4633 268 10
4634 129 1
4635 289 6
4636 140 10
4637 141 9
4638 195 3
4639 263 7
4640 186 0
4641 131 9
4642 182 2
4643 288 10
4644 113 5
4645 110 0
4646 253 6
4647 214 9
4648 109 9
4649 291 4
4650 258 5
4651 232 4
4652 193 10
4653 239 3
4654 231 3
4655 182 9
4656 279 6
4657 165 10
4658 182 5
4659 294 7
4660 165 0
4661 268 2
4662 142 5
4663 245 8
4664 120 1
4665 292 4
4666 163 9
4667 208 7
4668 101 7
4669 147 5
4670 221 10
4671 106 3
4672 252 4
4673 231 2
4674 206 10
4675 123 10
4676 269 2
4677 105 5
4678 168 2
4679 203 7
4680 214 1
4681 133 4
4682 172 7
4683 129 10
4684 133 1
4685 142 8
4686 251 3
4687 100 0
4688 187 1
4689 279 3
4690 236 4
4691 257 5
4692 194 6
4693 295 7
4694 163 4
4695 270 10
4696 225 1
4697 300 9
4698 300 4
4699 126 1
4700 201 5
4701 300 4
4702 218 8
4703 228 3
4704 251 7
4705 124 6
4706 297 3
4707 206 4
4708 263 4
4709 286 9
4710 240 9
4711 177 9
4712 124 1
4713 263 8
4714 190 0
4715 163 10
4716 165 9
4717 255 0
4718 104 9
4719 288 5
4720 103 2
4721 153 2
4722 234 0
4723 129 9
4724 294 3
4725 212 4
4726 216 6
4727 225 1
4728 281 7
4729 181 9
4730 131 3
4731 112 6
4732 208 1
4733 181 0
4734 171 1
4735 207 4
4736 124 6
4737 240 3
4738 190 4
4739 201 2
4740 144 3
4741 231 0
4742 217 3
4743 193 9
4744 169 6
4745 172 3
4746 255 0
4747 151 2
4748 277 3
4749 141 1
4750 157 4
4751 101 4
4752 204 3
4753 124 10
4754 264 2
4755 103 1
4756 244 10
4757 257 9
4758 142 1
4759 274 0
4760 236 1
4761 113 8
4762 128 7
4763 260 0
4764 104 6
4765 289 6
4766 110 6
4767 269 3
4768 132 2
4769 161 2
4770 260 2
4771 128 3
4772 258 7
4773 183 7
4774 194 8
4775 148 5
4776 174 7
4777 186 6
4778 203 9
4779 242 8
4780 289 5
4781 212 8
4782 126 4
4783 249 7
4784 218 5
4785 184 7
4786 229 3
4787 142 10
4788 235 8
4789 232 6
4790 126 10
4791 235 3
4792 227 4
4793 280 7
4794 281 9
4795 195 4
4796 214 4
4797 164 4
4798 237 9
4799 248 8
4800 255 7
4801 138 4
4802 110 5
4803 300 9
4804 130 5
4805 122 4
4806 254 5
4807 153 2
4808 248 7
4809 255 4
4810 117 0
4811 121 9
4812 147 10
4813 155 3
4814 130 6
4815 288 10
4816 126 5
4817 297 5
4818 118 5
4819 249 7
4820 126 10
4821 103 8
4822 109 6
4823 107 9
4824 174 0
4825 121 6
4826 152 0
4827 129 10
4828 161 10
4829 109 3
4830 198 3
4831 255 2
4832 178 5
4833 259 10
4834 205 2
4835 179 6
4836 140 6
4837 200 7
4838 134 0
4839 225 6
4840 243 9
4841 128 9
4842 256 1
4843 281 5
4844 198 0
4845 109 8
4846 178 2
4847 111 1
4848 132 5
4849 210 8
4850 263 9
4851 121 8
4852 203 3
4853 180 1
4854 269 2
4855 242 6
4856 115 10
4857 187 6
4858 287 0
4859 102 8
4860 280 1
4861 216 1
4862 183 10
4863 165 0
4864 211 3
4865 163 7
4866 198 7
4867 158 10
4868 289 4
4869 192 4
4870 125 5
4871 182 6
4872 111 10
4873 266 2
4874 178 2
4875 142 5
4876 231 1
4877 146 8
4878 265 0
4879 166 0
4880 142 5
4881 234 7
4882 114 7
4883 293 10
4884 103 10
4885 165 8
4886 176 10
4887 197 1
4888 216 5
4889 134 0
4890 166 7
4891 208 5
4892 145 2
4893 176 7
4894 140 5
4895 173 4
4896 176 5
4897 271 1
4898 175 4
4899 199 8
4900 221 1
4901 231 6
4902 109 7
4903 147 6
4904 198 9
4905 291 8
4906 203 9
4907 102 5
4908 160 9
4909 296 10
4910 109 1
4911 198 0
4912 144 6
4913 299 6
4914 169 10
4915 120 0
4916 252 10
4917 254 3
4918 156 2
4919 226 3
4920 218 3
4921 111 5
4922 244 10
4923 252 1
4924 102 6
4925 219 9
4926 129 3
4927 101 7
4928 104 2
4929 158 10
4930 224 0
4931 113 1
4932 267 5
4933 147 8
4934 196 8
4935 285 10
4936 284 4
4937 191 7
4938 118 6
4939 209 5
4940 290 5
4941 215 9
4942 191 2
4943 156 0
4944 186 5
4945 133 5
4946 258 0
4947 157 3
4948 101 0
4949 159 4
4950 190 5
4951 188 6
4952 175 5
4953 139 1
4954 294 4
4955 292 6
4956 160 1
4957 100 7
4958 117 4
4959 296 2
4960 100 5
4961 100 8
4962 278 3
4963 267 3
4964 283 10
4965 266 10
4966 289 1
4967 129 2
4968 180 6
4969 177 9
4970 154 5
4971 176 9
4972 146 8
4973 297 2
4974 226 4
4975 149 4
4976 156 9
4977 201 7
4978 153 3
4979 239 10
4980 199 5
4981 298 10
4982 133 1
4983 266 4
4984 186 4
4985 160 4
4986 156 8
4987 159 4
4988 167 7
4989 230 1
4990 185 0
4991 265 6
4992 233 9
4993 189 8
4994 216 4
4995 140 5
4996 148 3
4997 293 10
4998 292 0
4999 282 3
5000 245 10
5001 239 0
5002 173 5
5003 260 5
5004 255 10
5005 199 4
5006 279 7
5007 143 7
5008 227 10
5009 161 8
5010 116 8
5011 223 9
5012 162 0
5013 166 9
5014 121 8
5015 248 7
5016 240 3
5017 121 4
5018 196 7
5019 243 9
5020 147 0
5021 292 6
5022 198 7
5023 114 4
5024 238 0
5025 153 8
5026 101 8
5027 297 7
5028 123 8
5029 261 4
5030 253 6
5031 151 8
5032 150 7
5033 127 7
5034 241 8
5035 299 5
5036 276 10
5037 193 4
5038 130 3
5039 255 2
5040 153 6
5041 116 3
5042 170 6
5043 158 7
5044 170 0
5045 155 5
5046 127 0
5047 168 9
5048 124 9
5049 141 2
5050 104 8
5051 194 8
5052 115 9
5053 172 7
5054 118 0
5055 183 6
5056 210 1
5057 104 1
5058 163 6
5059 226 9
5060 175 9
5061 136 3
5062 240 4
5063 280 7
5064 269 4
5065 106 7
5066 205 9
5067 261 6
5068 133 8
5069 206 7
5070 283 4
5071 161 5
5072 248 7
5073 232 4
5074 166 10
5075 259 6
5076 108 8
5077 275 2
5078 160 9
5079 108 5
5080 218 8
5081 199 7
5082 212 1
5083 229 3
5084 114 5
5085 150 8
5086 155 5
5087 293 1
5088 243 9
5089 208 8
5090 187 0
5091 295 6
5092 198 5
5093 226 6
5094 202 0
5095 174 9
5096 215 1
5097 204 9
5098 202 9
5099 124 2
5100 132 7
5101 254 6
5102 183 8
5103 260 6
5104 247 6
5105 206 4
5106 166 7
5107 269 6
5108 126 8
5109 290 9
5110 155 3
5111 253 3
5112 259 2
5113 151 0
5114 273 2
5115 186 0
5116 145 8
5117 199 9
5118 128 1
5119 128 3
5120 288 8
5121 212 7
5122 235 3
5123 260 4
5124 115 8
5125 117 6
5126 288 9
5127 232 9
5128 250 7
5129 231 7
5130 254 7
5131 218 5
5132 156 9
5133 186 9
5134 242 5
5135 207 2
5136 120 6
5137 166 4
5138 205 9
5139 233 5
5140 179 6
5141 175 0
5142 222 1
5143 287 6
5144 292 10
5145 180 2
5146 299 6
5147 250 8
5148 100 5
5149 211 10
5150 203 9
5151 215 5
5152 243 3
5153 146 5
5154 213 0
5155 273 1
5156 256 1
5157 102 9
5158 227 1
5159 197 10
5160 123 4
5161 268 5
5162 128 3
5163 254 6
5164 143 5
5165 207 1
5166 240 6
5167 216 9
5168 162 2
5169 278 4
5170 292 10
5171 286 10
5172 197 7
5173 112 8
5174 130 9
5175 127 8
5176 218 5
5177 148 8
5178 142 4
5179 273 10
5180 290 8
5181 251 6
5182 258 8
5183 250 6
5184 145 4
5185 221 4
5186 208 7
5187 129 10
5188 186 3
5189 116 2
5190 174 0
5191 172 0
5192 294 7
5193 170 1
5194 151 1
5195 259 2
5196 130 7
5197 136 5
5198 243 5
5199 217 6
5200 224 8
5201 246 6
5202 285 1
5203 264 3
5204 209 8
5205 233 1
5206 280 8
5207 191 10
5208 185 0
5209 202 9
5210 173 0
5211 198 5
5212 147 8
5213 136 10
5214 262 10
5215 270 6
5216 237 9
5217 139 10
5218 298 1
5219 167 7
5220 249 6
5221 252 1
5222 294 0
5223 277 6
5224 281 4
5225 177 3
5226 123 4
5227 264 10
5228 295 9
5229 263 6
5230 205 10
5231 278 1
5232 153 10
5233 220 5
5234 259 7
5235 113 7
5236 187 0
5237 109 3
5238 286 6
5239 230 1
5240 217 6
5241 195 9
5242 112 4
5243 275 1
5244 118 7
5245 126 10
5246 189 3
5247 252 9
5248 134 3
5249 175 10
5250 272 2
5251 119 10
5252 248 8
5253 126 3
5254 234 8
5255 110 3
5256 150 7
5257 287 8
5258 196 6
5259 153 6
5260 129 3
5261 217 3
5262 276 10
5263 135 9
5264 293 4
5265 241 0
5266 147 0
5267 112 8
5268 295 3
5269 163 1
5270 172 8
5271 258 8
5272 124 5
5273 166 4
5274 154 8
5275 199 3
5276 135 9
5277 232 6
5278 135 6
5279 171 7
5280 191 2
5281 244 2
5282 208 6
5283 297 0
5284 205 1
5285 226 6
5286 127 5
5287 175 3
5288 147 0
5289 175 7
5290 111 10
5291 124 3
5292 248 2
5293 158 1
5294 212 10
5295 239 2
5296 188 0
5297 296 0
5298 147 7
5299 147 1
5300 279 0
5301 100 0
5302 217 7
5303 103 5
5304 238 4
5305 241 6
5306 250 9
5307 291 0
5308 211 6
5309 288 10
5310 134 10
5311 212 9
5312 159 8
5313 271 7
5314 219 6
5315 123 2
5316 131 2
5317 300 7
5318 121 5
5319 224 2
5320 188 0
5321 228 0
5322 244 1
5323 172 5
5324 184 7
5325 177 2
5326 111 8
5327 261 5
5328 155 0
5329 242 0
5330 131 1
5331 299 3
5332 199 7
5333 235 4
5334 152 10
5335 283 3
5336 171 6
5337 153 6
5338 127 9
5339 155 4
5340 159 6
5341 275 3
5342 273 9
5343 192 5
5344 279 1
5345 253 1
5346 123 6
5347 181 10
5348 146 3
5349 102 6
5350 283 9
5351 211 8
5352 192 6
5353 159 8
5354 178 1
5355 138 5
5356 281 9
5357 173 9
5358 104 8
5359 124 5
5360 191 5
5361 256 5
5362 140 8
5363 296 5
5364 216 9
5365 179 4
5366 212 1
5367 292 9
5368 202 2
5369 180 3
5370 227 5
5371 117 4
5372 126 4
5373 184 3
5374 190 2
5375 181 0
5376 191 10
5377 164 5
5378 190 2
5379 108 0
5380 214 2
5381 282 0
5382 100 3
5383 290 10
5384 226 4
5385 114 8
5386 253 8
5387 284 10
5388 155 8
5389 262 8
5390 263 6
5391 116 1
5392 289 5
5393 291 0
5394 253 0
5395 233 10
5396 158 7
5397 103 0
5398 205 9
5399 283 9
5400 137 6
5401 149 5
5402 115 4
5403 139 1
5404 155 2
5405 171 1
5406 284 0
5407 101 6
5408 215 2
5409 211 2
5410 151 7
5411 244 9
5412 102 0
5413 116 6
5414 129 0
5415 205 5
5416 251 4
5417 190 2
5418 109 1
5419 183 7
5420 176 8
5421 147 9
5422 180 3
5423 255 9
5424 233 5
5425 131 1
5426 171 1
5427 292 3
5428 157 5
5429 214 7
5430 150 3
5431 269 7
5432 267 3
5433 165 10
5434 277 8
5435 136 10
5436 147 4
5437 104 0
5438 150 6
5439 291 7
5440 105 3
5441 136 0
5442 248 1
5443 287 10
5444 284 8
5445 124 9
5446 177 4
5447 134 3
5448 201 1
5449 157 3
5450 126 3
5451 184 2
5452 205 10
5453 250 10
5454 136 7
5455 288 10
5456 255 7
5457 248 6
5458 144 8
5459 264 5
5460 214 9
5461 281 2
5462 222 1
5463 139 1
5464 267 0
5465 141 9
5466 167 10
5467 137 5
5468 231 7
5469 135 0
5470 234 2
5471 202 3
5472 215 1
5473 183 8
5474 145 9
5475 269 0
5476 188 10
5477 290 1
5478 236 0
5479 132 9
5480 231 7
5481 149 6
5482 223 4
5483 288 3
5484 157 2
5485 210 7
5486 130 5
5487 132 6
5488 184 7
5489 188 8
5490 163 4
5491 223 7
5492 209 10
5493 100 8
5494 244 8
5495 219 3
5496 117 6
5497 102 2
5498 292 8
5499 137 1
5500 149 6
5501 249 10
5502 156 5
5503 202 1
5504 132 7
5505 265 3
5506 300 7
5507 117 0
5508 146 1
5509 229 7
5510 266 10
5511 286 10
5512 265 6
5513 300 6
5514 209 5
5515 117 1
5516 300 2
5517 125 2
5518 215 5
5519 106 10
5520 242 3
5521 284 7
5522 198 2
5523 129 9
5524 220 0
5525 105 2
5526 100 7
5527 106 6
5528 194 10
5529 224 3
5530 114 4
5531 155 9
5532 168 5
5533 223 8
5534 239 4
5535 109 6
5536 229 8
5537 162 9
5538 119 3
5539 112 5
5540 183 10
5541 131 7
5542 281 6
5543 182 3
5544 148 6
5545 181 5
5546 141 9
5547 188 9
5548 201 7
5549 284 6
5550 191 7
5551 167 10
5552 103 9
5553 221 7
5554 275 9
5555 163 0
5556 143 2
5557 121 7
5558 136 7
5559 153 1
5560 245 4
5561 276 1
5562 137 4
5563 163 1
5564 272 8
5565 156 7
5566 199 6
5567 125 8
5568 128 2
5569 221 7
5570 272 6
5571 167 5
5572 109 2
5573 101 10
5574 230 5
5575 297 5
5576 140 7
5577 204 8
5578 216 0
5579 133 3
5580 288 5
5581 176 2
5582 205 9
5583 198 9
5584 176 7
5585 241 9
5586 115 10
5587 278 4
5588 207 7
5589 274 1
5590 165 0
5591 164 7
5592 230 4
5593 296 9
5594 161 5
5595 205 9
5596 201 0
5597 268 3
5598 199 4
5599 126 6
5600 203 10
5601 136 4
5602 249 3
5603 211 3
5604 191 0
5605 262 2
5606 150 1
5607 178 8
5608 247 1
5609 144 7
5610 176 9
5611 116 5
5612 145 3
5613 143 3