210 5613
1 157 10 2
2 135 7 3
3 204 8 2
4 177 9 3
5 120 6 3
6 150 8 3
7 295 3 1
8 118 6 1
9 244 5 4
10 158 3 3
11 112 7 3
12 110 3 4
13 200 8 3
14 236 7 3
15 207 3 1
16 286 9 1
17 193 10 3
18 284 5 3
19 243 1 4
20 216 10 3
21 263 6 4
22 170 3 3
23 154 4 4
24 280 4 1
25 299 7 3
26 278 6 1
27 225 6 4
28 130 1 2
29 181 4 2
30 208 4 1
31 146 5 2
32 181 2 4
33 188 10 4
34 158 0 2
35 262 4 1
36 256 4 2
37 280 8 1
38 283 4 3
39 163 3 1
40 220 5 4
41 200 5 3
42 109 8 4
43 159 2 3
44 297 1 1
45 222 1 4
46 147 10 3
47 154 7 3
48 194 6 4
49 158 6 3
50 163 10 1
51 123 6 3
52 271 6 2
53 207 9 4
54 228 0 1
55 219 0 3
56 119 1 2
57 117 9 3
58 175 8 4
59 269 2 3
60 146 2 3
61 297 9 2
62 226 10 2
63 267 2 1
64 255 5 2
65 262 8 3
66 285 3 2
67 120 1 2
68 232 0 4
69 114 1 3
70 263 6 2
71 145 0 2
72 261 9 2
73 221 1 3
74 181 5 3
75 279 1 2
76 169 4 3
77 201 8 1
78 208 2 2
79 300 4 2
80 144 9 3
81 130 7 4
82 239 3 2
83 261 5 2
84 215 8 1
85 296 2 4
86 173 10 2
87 251 1 3
88 232 6 1
89 252 2 3
90 258 7 2
91 147 3 1
92 165 8 1
93 138 10 1
94 184 6 4
95 152 4 3
96 218 8 2
97 293 2 2
98 264 4 3
99 172 6 1
100 300 5 2
101 274 1 4
102 252 1 1
103 173 1 2
104 190 10 4
105 233 5 2
106 164 7 2
107 273 6 3
108 126 9 2
109 231 7 3
110 183 6 1
111 192 8 4
112 254 10 1
113 234 10 3
114 272 1 4
115 257 6 3
116 188 7 1
117 180 9 4
118 135 1 2
119 228 2 2
120 107 1 4
121 138 4 1
122 133 9 1
123 129 6 3
124 146 1 2
125 213 7 3
126 142 9 2
127 105 5 3
128 249 0 4
129 211 8 4
130 254 7 2
131 253 3 3
132 194 7 2
133 285 5 2
134 231 8 4
135 293 1 2
136 215 8 2
137 280 9 2
138 252 8 2
139 240 0 2
140 149 5 2
141 155 0 2
142 144 4 1
143 277 5 2
144 144 10 4
145 150 5 3
146 171 0 4
147 137 4 4
148 182 6 1
149 188 6 3
150 109 7 2
151 229 4 2
152 296 8 2
153 152 2 4
154 169 7 1
155 212 5 1
156 126 4 4
157 144 4 1
158 137 7 4
159 123 3 3
160 168 5 1
161 255 7 3
162 124 4 3
163 208 7 2
164 123 1 2
165 275 5 2
166 113 3 4
167 185 4 3
168 181 6 1
169 285 7 4
170 239 9 1
171 156 1 1
172 169 6 1
173 138 10 2
174 226 1 4
175 262 8 2
176 282 9 1
177 298 3 3
178 249 7 4
179 136 2 1
180 138 10 1
181 105 2 1
182 190 3 4
183 241 9 1
184 222 9 2
185 106 1 1
186 224 4 4
187 144 8 3
188 132 6 3
189 246 4 2
190 245 1 4
191 217 8 2
192 234 1 3
193 189 6 2
194 132 8 3
195 134 3 2
196 123 3 4
197 218 1 4
198 114 3 4
199 248 7 1
200 191 8 3
201 172 3 4
202 133 7 4
203 233 8 3
204 280 4 3
205 148 1 4
206 194 2 1
207 288 8 2
208 261 2 1
209 240 2 2
210 118 1 4
211 240 0 3
212 238 6 4
213 273 3 4
214 235 2 1
215 300 3 1
216 219 10 2
217 179 8 4
218 222 4 1
219 105 4 3
220 115 0 3
221 231 8 3
222 279 7 4
223 139 7 1
224 152 6 2
225 290 5 3
226 232 6 4
227 167 10 4
228 122 3 2
229 255 1 1
230 281 5 2
231 179 2 2
232 224 6 2
233 202 2 1
234 195 9 1
235 291 8 4
236 223 5 3
237 168 4 3
238 136 2 4
239 190 6 2
240 225 9 1
241 160 7 1
242 291 3 3
243 296 8 4
244 160 2 4
245 185 8 2
246 221 0 1
247 110 1 2
248 181 2 4
249 238 4 4
250 105 3 4
251 234 10 1
252 273 0 1
253 183 5 4
254 217 1 3
255 114 7 1
256 233 3 4
257 283 10 3
258 216 6 3
259 205 4 4
260 101 3 1
261 231 3 3
262 134 0 4
263 146 3 1
264 261 6 4
265 294 6 2
266 128 10 4
267 256 3 2
268 124 2 1
269 166 7 3
270 143 3 1
271 101 5 1
272 222 5 3
273 284 1 1
274 235 8 2
275 262 7 2
276 118 9 3
277 160 7 2
278 240 4 2
279 216 7 3
280 267 7 3
281 213 8 4
282 160 6 3
283 215 10 4
284 297 7 2
285 252 6 3
286 160 9 3
287 121 2 4
288 178 5 3
289 103 7 3
290 235 5 2
291 124 6 3
292 160 8 2
293 128 5 2
294 270 6 4
295 111 2 2
296 103 8 4
297 247 3 2
298 250 7 3
299 263 9 3
300 213 3 4
301 131 2 1
302 287 1 3
303 151 10 1
304 203 9 3
305 127 9 2
306 278 2 3
307 156 10 3
308 246 6 2
309 107 3 4
310 253 4 3
311 238 8 2
312 120 9 4
313 138 8 4
314 282 10 1
315 202 9 3
316 274 10 4
317 272 3 1
318 158 2 2
319 114 3 1
320 154 1 2
321 173 7 3
322 165 10 2
323 128 6 2
324 139 4 3
325 178 5 2
326 117 6 1
327 148 3 3
328 186 7 4
329 199 0 4
330 167 3 3
331 215 1 2
332 275 1 3
333 226 6 1
334 284 7 2
335 297 4 3
336 269 7 3
337 286 3 4
338 203 6 3
339 202 8 1
340 194 6 3
341 114 10 3
342 167 10 3
343 166 4 3
344 181 2 3
345 298 9 1
346 137 10 1
347 122 8 4
348 239 8 3
349 155 3 2
350 219 1 1
351 146 9 4
352 126 3 1
353 220 7 4
354 289 0 3
355 279 0 3
356 147 10 2
357 233 7 1
358 196 1 1
359 246 5 3
360 155 1 3
361 138 1 2
362 176 1 1
363 252 7 2
364 280 7 3
365 288 9 1
366 106 1 3
367 226 2 1
368 163 7 1
369 156 7 2
370 124 8 3
371 199 4 4
372 165 10 3
373 270 1 3
374 248 1 3
375 186 6 3
376 224 10 3
377 204 4 4
378 245 8 3
379 121 2 2
380 187 5 4
381 143 5 3
382 119 5 2
383 266 10 3
384 281 9 4
385 215 0 2
386 114 4 2
387 137 7 2
388 218 7 4
389 132 0 2
390 291 0 3
391 116 2 3
392 142 4 4
393 146 0 1
394 171 4 4
395 254 5 1
396 297 0 1
397 272 1 1
398 299 5 3
399 210 6 4
400 244 10 1
401 217 6 3
402 129 4 4
403 189 5 1
404 101 9 2
405 259 7 4
406 218 7 3
407 248 10 4
408 230 7 3
409 227 7 2
410 188 10 3
411 269 6 2
412 121 6 2
413 154 3 2
414 203 9 3
415 297 3 1
416 294 1 1
417 273 4 2
418 199 2 4
419 250 8 4
420 109 1 2
421 103 3 3
422 134 7 3
423 276 5 4
424 286 10 3
425 203 7 1
426 173 10 1
427 293 6 2
428 297 5 1
429 127 10 4
430 170 3 3
431 110 6 2
432 154 1 1
433 299 6 3
434 168 8 3
435 263 6 2
436 161 7 1
437 207 6 2
438 288 9 3
439 115 0 3
440 130 1 2
441 155 8 1
442 106 7 3
443 114 4 2
444 209 4 3
445 170 5 2
446 276 7 2
447 192 9 3
448 202 10 1
449 140 7 4
450 185 3 1
451 196 0 4
452 103 3 1
453 227 9 4
454 293 7 4
455 121 6 1
456 234 4 3
457 121 10 1
458 284 1 1
459 234 9 4
460 251 3 3
461 203 7 1
462 260 8 3
463 174 4 4
464 158 9 2
465 134 5 3
466 258 9 1
467 101 0 3
468 161 8 3
469 130 1 1
470 253 3 4
471 269 8 4
472 171 7 2
473 219 6 4
474 121 7 3
475 273 9 1
476 188 6 2
477 217 2 4
478 174 6 2
479 131 9 3
480 274 9 1
481 206 1 3
482 292 1 3
483 250 8 3
484 179 2 1
485 100 8 4
486 297 3 1
487 251 1 2
488 188 0 4
489 179 5 1
490 215 1 1
491 115 4 1
492 279 0 2
493 221 6 2
494 196 6 2
495 124 9 4
496 243 0 1
497 137 9 2
498 165 7 4
499 124 8 2
500 144 0 4
501 123 5 3
502 134 7 4
503 201 1 2
504 118 8 3
505 218 7 1
506 239 4 3
507 258 8 3
508 224 5 3
509 176 0 1
510 200 0 4
511 208 3 2
512 240 8 3
513 240 7 2
514 233 0 3
515 185 0 1
516 184 0 2
517 199 1 2
518 179 5 2
519 131 10 4
520 134 9 3
521 107 7 2
522 183 5 4
523 141 4 1
524 261 2 1
525 164 0 1
526 129 9 1
527 210 0 4
528 140 4 3
529 175 6 2
530 105 8 4
531 233 10 3
532 186 7 1
533 112 1 2
534 248 2 2
535 208 4 3
536 126 9 4
537 213 9 4
538 143 4 1
539 291 7 4
540 193 8 3
541 176 7 1
542 269 1 3
543 255 1 4
544 123 3 2
545 194 5 3
546 152 0 4
547 131 0 3
548 147 4 3
549 172 8 4
550 196 0 1
551 223 9 1
552 204 4 4
553 115 8 1
554 241 1 1
555 158 6 1
556 147 8 2
557 116 2 2
558 228 8 1
559 160 7 2
560 272 0 2
561 208 8 3
562 132 3 1
563 282 9 2
564 146 0 1
565 190 2 1
566 193 1 3
567 110 2 1
568 265 9 2
569 271 7 4
570 129 2 1
571 121 10 2
572 239 10 4
573 102 1 3
574 277 4 3
575 201 4 3
576 253 5 2
577 142 7 4
578 191 7 4
579 262 10 4
580 136 1 2
581 183 8 4
582 163 2 4
583 223 3 3
584 170 1 3
585 274 0 2
586 257 10 3
587 102 4 4
588 154 10 4
589 273 9 2
590 183 1 3
591 173 2 4
592 174 3 4
593 217 2 2
594 284 4 3
595 137 10 3
596 300 7 1
597 291 5 3
598 298 8 1
599 148 8 2
600 197 1 2
601 116 9 3
602 259 5 1
603 201 6 4
604 123 10 3
605 191 3 1
606 270 10 4
607 159 1 3
608 119 8 4
609 150 6 1
610 180 7 3
611 263 7 3
612 262 0 2
613 242 1 3
614 221 1 1
615 143 7 4
616 287 3 1
617 295 2 4
618 123 5 3
619 111 7 1
620 248 7 1
621 265 2 4
622 154 5 4
623 200 10 1
624 132 2 3
625 176 3 2
626 246 5 4
627 186 9 2
628 121 2 3
629 175 1 2
630 244 8 3
631 241 9 1
632 111 7 4
633 233 5 2
634 126 3 4
635 197 6 3
636 172 10 3
637 260 7 3
638 209 5 2
639 287 2 1
640 178 1 1
641 161 1 3
642 269 8 2
643 138 10 1
644 225 4 4
645 210 3 2
646 228 3 4
647 235 4 4
648 202 1 3
649 119 4 1
650 216 7 3
651 225 0 1
652 297 0 3
653 221 7 3
654 289 1 4
655 227 0 2
656 281 7 3
657 231 4 2
658 175 8 2
659 242 4 1
660 252 9 3
661 101 0 3
662 121 7 3
663 248 8 3
664 221 8 1
665 188 2 2
666 176 4 2
667 264 0 4
668 123 9 3
669 210 9 1
670 295 0 3
671 138 2 2
672 111 8 4
673 166 2 3
674 265 9 4
675 190 3 1
676 218 0 4
677 182 4 4
678 206 8 4
679 142 2 2
680 291 8 2
681 116 6 1
682 278 7 1
683 149 10 4
684 155 1 1
685 188 1 4
686 296 2 1
687 187 4 4
688 187 7 4
689 174 1 4
690 133 7 1
691 231 6 4
692 175 9 1
693 150 9 3
694 237 8 3
695 167 8 4
696 174 7 1
697 224 1 1
698 269 0 2
699 193 1 1
700 227 7 2
701 121 9 2
702 212 10 4
703 170 9 3
704 195 6 3
705 243 9 1
706 167 5 4
707 157 6 3
708 229 2 1
709 281 6 4
710 154 8 2
711 262 9 2
712 206 9 4
713 148 5 4
714 197 2 1
715 257 8 1
716 126 4 1
717 284 8 1
718 299 5 4
719 228 6 4
720 166 5 2
721 162 6 1
722 100 5 2
723 150 1 4
724 187 10 1
725 112 8 2
726 274 9 3
727 294 5 1
728 251 3 1
729 101 7 3
730 262 6 1
731 102 7 4
732 139 8 4
733 269 3 4
734 212 7 3
735 296 7 1
736 159 3 3
737 283 10 4
738 119 9 3
739 108 8 4
740 127 6 2
741 224 0 1
742 272 6 3
743 123 6 1
744 200 5 2
745 172 9 3
746 221 10 3
747 152 7 3
748 277 0 4
749 232 2 1
750 289 8 4
751 228 0 3
752 278 10 4
753 299 8 3
754 269 1 4
755 160 2 4
756 195 7 2
757 213 6 4
758 158 3 1
759 101 8 2
760 178 6 2
761 169 0 4
762 294 10 1
763 214 2 3
764 233 1 2
765 218 5 2
766 119 3 2
767 135 8 1
768 149 6 2
769 233 4 1
770 267 2 4
771 159 1 4
772 259 9 1
773 283 7 1
774 249 6 4
775 215 7 1
776 156 6 4
777 295 1 4
778 121 6 4
779 205 8 4
780 267 0 1
781 246 4 4
782 116 7 1
783 141 9 1
784 177 9 2
785 279 2 2
786 172 1 2
787 156 4 4
788 134 3 4
789 243 5 2
790 286 4 2
791 275 2 4
792 166 9 1
793 277 1 3
794 112 9 1
795 209 9 4
796 188 8 4
797 185 10 3
798 225 3 3
799 166 9 4
800 230 3 2
801 236 2 4
802 205 8 4
803 140 4 4
804 125 2 2
805 239 10 4
806 172 3 4
807 275 4 3
808 204 9 4
809 122 10 3
810 259 6 4
811 114 1 4
812 142 7 1
813 192 1 2
814 161 3 2
815 156 5 2
816 198 3 2
817 290 8 1
818 261 0 3
819 246 6 4
820 225 3 1
821 188 1 3
822 240 1 3
823 157 2 4
824 140 10 1
825 275 10 1
826 290 4 1
827 247 10 4
828 128 8 1
829 252 4 4
830 186 10 3
831 135 3 4
832 153 9 3
833 160 7 1
834 181 9 3
835 121 5 2
836 149 0 3
837 174 3 4
838 219 6 3
839 200 1 4
840 289 2 3
841 127 1 4
842 283 3 1
843 159 5 4
844 147 7 3
845 159 1 2
846 238 4 1
847 172 2 1
848 266 7 1
849 221 4 2
850 243 8 2
851 132 3 2
852 194 5 1
853 226 4 3
854 243 4 3
855 119 9 3
856 216 5 2
857 220 3 3
858 127 4 4
859 171 9 1
860 211 4 3
861 178 4 2
862 295 4 1
863 131 5 1
864 250 10 2
865 120 3 1
866 177 6 4
867 174 1 4
868 199 0 1
869 243 10 4
870 207 6 1
871 151 8 1
872 293 10 2
873 138 2 2
874 123 7 3
875 178 2 1
876 269 2 2
877 267 1 1
878 192 9 4
879 208 0 2
880 209 8 1
881 179 3 1
882 265 7 1
883 283 9 2
884 235 6 2
885 158 1 1
886 178 0 3
887 258 3 4
888 120 9 3
889 250 5 1
890 135 3 4
891 233 10 1
892 276 8 2
893 126 10 3
894 152 9 3
895 249 9 4
896 171 7 2
897 284 4 4
898 137 9 4
899 131 3 3
900 248 0 3
901 297 2 4
902 245 10 4
903 276 6 2
904 171 8 3
905 284 3 2
906 262 9 4
907 252 3 3
908 106 1 2
909 170 0 1
910 153 10 3
911 174 9 1
912 247 7 4
913 242 6 1
914 202 10 4
915 127 2 2
916 274 1 4
917 124 5 1
918 119 7 2
919 116 5 4
920 215 5 4
921 114 0 3
922 279 5 3
923 203 9 4
924 152 8 1
925 119 5 1
926 241 6 3
927 169 4 2
928 141 2 2
929 300 7 3
930 138 3 3
931 161 7 3
932 168 5 1
933 195 5 1
934 232 5 3
935 116 0 1
936 118 2 3
937 142 9 2
938 235 2 2
939 185 6 1
940 277 10 1
941 298 0 2
942 117 2 1
943 121 7 3
944 234 3 1
945 141 10 4
946 134 8 2
947 192 5 2
948 252 9 4
949 166 6 3
950 128 5 2
951 274 1 1
952 279 0 4
953 228 1 3
954 126 8 1
955 235 0 1
956 142 3 2
957 282 1 1
958 274 3 4
959 210 9 2
960 148 4 4
961 200 4 1
962 165 5 4
963 233 5 2
964 297 8 2
965 279 0 2
966 100 0 3
967 152 4 2
968 297 5 2
969 121 9 3
970 231 7 2
971 159 2 4
972 150 5 3
973 256 6 3
974 131 9 4
975 235 8 3
976 223 10 3
977 183 0 3
978 153 8 2
979 193 5 4
980 214 4 4
981 137 8 3
982 275 8 4
983 162 0 1
984 160 7 2
985 263 1 3
986 181 8 2
987 197 0 1
988 177 6 2
989 223 5 1
990 172 8 1
991 293 3 2
992 278 1 2
993 248 5 2
994 172 8 3
995 279 6 1
996 258 2 4
997 178 9 1
998 250 6 2
999 207 7 1
1000 200 5 1
1001 263 10 4
1002 270 5 3
1003 255 0 2
1004 297 4 4
1005 221 0 2
1006 290 9 3
1007 211 0 1
1008 203 5 2
1009 173 9 2
1010 139 4 4
1011 286 8 4
1012 175 4 2
1013 253 1 2
1014 151 5 1
1015 135 5 4
1016 118 9 3
1017 251 5 4
1018 114 5 3
1019 285 8 3
1020 118 0 4
1021 129 5 2
1022 135 0 3
1023 261 7 3
1024 173 7 1
1025 232 2 3
1026 255 2 3
1027 186 10 2
1028 108 0 3
1029 245 5 3
1030 174 3 2
1031 227 5 3
1032 293 7 2
1033 210 3 4
1034 269 8 4
1035 190 8 3
1036 205 2 2
1037 146 3 1
1038 248 4 2
1039 106 8 1
1040 110 4 3
1041 259 3 3
1042 136 3 4
1043 122 5 4
1044 175 1 1
1045 149 8 2
1046 150 7 1
1047 206 8 4
1048 221 3 1
1049 137 3 1
1050 122 8 2
1051 124 5 1
1052 167 10 1
1053 259 7 4
1054 215 10 4
1055 126 5 4
1056 178 9 4
1057 124 3 4
1058 286 0 4
1059 112 1 1
1060 277 2 1
1061 286 4 3
1062 214 5 3
1063 128 5 4
1064 250 6 1
1065 200 1 3
1066 206 3 4
1067 158 3 3
1068 253 10 4
1069 116 5 1
1070 239 5 3
1071 133 5 1
1072 126 0 4
1073 227 4 1
1074 160 7 3
1075 203 9 3
1076 108 9 2
1077 243 9 4
1078 141 9 1
1079 181 10 4
1080 280 9 2
1081 150 1 3
1082 194 2 3
1083 268 7 1
1084 248 0 3
1085 278 6 2
1086 257 4 2
1087 138 9 4
1088 142 2 4
1089 151 4 4
1090 135 0 4
1091 149 9 1
1092 156 5 2
1093 249 10 1
1094 146 4 2
1095 261 4 2
1096 233 2 2
1097 193 5 4
1098 156 5 2
1099 213 8 1
1100 212 3 4
1101 240 9 2
1102 153 5 1
1103 112 8 2
1104 170 6 4
1105 236 2 1
1106 108 1 3
1107 106 7 2
1108 209 10 2
1109 143 6 4
1110 270 3 2
1111 177 0 2
1112 170 2 3
1113 162 3 3
1114 144 10 2
1115 234 3 2
1116 268 2 2
1117 277 10 2
1118 291 1 4
1119 248 0 4
1120 129 8 3
1121 121 9 2
1122 253 1 2
1123 103 10 3
1124 290 4 4
1125 156 8 2
1126 272 4 2
1127 204 8 1
1128 102 9 1
1129 184 1 2
1130 192 8 4
1131 111 2 1
1132 175 6 2
1133 253 7 4
1134 208 6 4
1135 188 6 3
1136 289 6 2
1137 284 4 4
1138 299 8 2
1139 244 9 4
1140 243 8 4
1141 140 2 2
1142 260 1 3
1143 258 6 3
1144 190 1 2
1145 179 4 4
1146 207 2 2
1147 121 10 2
1148 139 1 1
1149 222 6 2
1150 292 4 3
1151 286 2 4
1152 152 1 3
1153 202 4 2
1154 146 4 1
1155 164 8 3
1156 138 4 2
1157 120 10 3
1158 243 5 2
1159 239 4 3
1160 108 5 3
1161 126 6 3
1162 156 1 3
1163 253 7 4
1164 104 3 1
1165 135 0 3
1166 262 1 3
1167 267 2 3
1168 228 7 2
1169 229 8 2
1170 197 8 2
1171 263 10 4
1172 210 0 3
1173 241 7 4
1174 253 0 3
1175 294 5 2
1176 144 6 3
1177 125 4 2
1178 107 0 1
1179 120 3 1
1180 212 2 3
1181 281 2 3
1182 278 4 2
1183 138 7 2
1184 137 5 4
1185 154 2 1
1186 148 9 3
1187 285 4 4
1188 188 4 1
1189 260 6 4
1190 144 10 4
1191 116 3 4
1192 290 10 2
1193 160 3 3
1194 146 1 4
1195 201 0 1
1196 181 9 4
1197 107 4 1
1198 298 6 2
1199 247 2 3
1200 100 10 1
1201 195 9 3
1202 288 9 2
1203 171 3 2
1204 148 3 1
1205 248 7 2
1206 288 7 1
1207 257 0 2
1208 100 10 2
1209 246 5 1
1210 107 2 4
1211 192 3 4
1212 166 5 1
1213 284 10 2
1214 206 8 2
1215 120 8 3
1216 118 6 1
1217 170 4 3
1218 206 4 2
1219 244 0 2
1220 272 6 1
1221 130 10 4
1222 222 8 2
1223 222 5 2
1224 224 1 3
1225 163 6 3
1226 268 7 1
1227 246 1 4
1228 243 2 4
1229 201 10 4
1230 253 3 4
1231 168 1 3
1232 203 3 1
1233 267 3 1
1234 246 4 3
1235 107 8 4
1236 264 3 3
1237 175 10 4
1238 297 6 1
1239 249 10 4
1240 240 3 1
1241 210 9 1
1242 224 7 2
1243 115 4 4
1244 158 0 2
1245 174 2 3
1246 224 10 3
1247 298 0 2
1248 200 3 4
1249 218 0 1
1250 227 9 2
1251 225 5 1
1252 275 2 1
1253 227 0 4
1254 181 9 3
1255 172 0 1
1256 246 10 3
1257 174 9 2
1258 102 0 3
1259 241 6 2
1260 256 6 3
1261 264 9 3
1262 252 3 4
1263 247 2 1
1264 165 1 3
1265 163 9 3
1266 260 0 3
1267 214 6 2
1268 207 4 3
1269 148 1 3
1270 113 4 3
1271 111 5 1
1272 171 8 1
1273 270 0 3
1274 256 10 3
1275 137 10 2
1276 199 4 1
1277 248 7 2
1278 273 2 3
1279 213 9 4
1280 284 1 1
1281 115 9 2
1282 291 7 3
1283 294 6 2
1284 205 10 4
1285 270 2 4
1286 116 0 3
1287 122 8 2
1288 280 10 4
1289 109 1 4
1290 265 4 2
1291 191 3 3
1292 210 9 3
1293 215 10 2
1294 159 8 4
1295 135 4 4
1296 210 2 3
1297 266 10 3
1298 267 9 2
1299 266 10 1
1300 174 2 2
1301 271 6 3
1302 114 9 1
1303 274 8 1
1304 268 0 1
1305 300 2 1
1306 113 8 3
1307 252 5 3
1308 105 5 3
1309 150 6 3
1310 204 6 3
1311 196 10 1
1312 223 8 1
1313 181 2 1
1314 150 3 4
1315 101 6 2
1316 289 4 4
1317 232 9 4
1318 211 2 4
1319 172 1 2
1320 172 6 1
1321 162 5 3
1322 197 2 1
1323 125 5 2
1324 175 10 1
1325 163 8 1
1326 167 10 2
1327 145 8 2
1328 112 1 2
1329 141 10 3
1330 105 7 4
1331 108 5 4
1332 195 0 4
1333 292 5 2
1334 183 10 4
1335 244 0 2
1336 156 7 2
1337 244 2 4
1338 219 9 2
1339 184 7 1
1340 108 6 2
1341 188 4 2
1342 294 6 1
1343 131 6 3
1344 173 5 3
1345 207 7 2
1346 256 3 3
1347 233 3 1
1348 146 8 2
1349 205 2 2
1350 147 4 4
1351 247 8 4
1352 242 9 3
1353 199 9 3
1354 163 8 3
1355 262 9 2
1356 116 3 1
1357 287 2 3
1358 274 8 2
1359 146 3 4
1360 131 9 1
1361 190 10 2
1362 100 10 2
1363 289 8 2
1364 198 8 2
1365 145 9 4
1366 252 6 4
1367 157 10 2
1368 172 8 2
1369 188 4 1
1370 158 5 1
1371 190 4 3
1372 295 5 1
1373 150 8 2
1374 275 2 3
1375 215 0 4
1376 289 8 2
1377 111 0 2
1378 168 4 3
1379 115 8 2
1380 207 2 2
1381 130 5 3
1382 184 7 1
1383 174 10 4
1384 242 0 3
1385 224 8 3
1386 249 4 4
1387 185 0 1
1388 189 7 3
1389 116 1 3
1390 181 2 2
1391 300 9 4
1392 207 0 1
1393 299 9 4
1394 270 9 4
1395 110 0 1
1396 294 3 2
1397 265 2 3
1398 216 6 1
1399 185 2 3
1400 220 3 4
1401 145 10 1
1402 216 10 1
1403 116 3 1
1404 113 1 1
1405 260 8 1
1406 130 2 3
1407 233 1 1
1408 268 5 1
1409 280 6 4
1410 152 3 4
1411 116 5 1
1412 184 0 2
1413 288 3 3
1414 179 2 2
1415 271 1 4
1416 116 7 1
1417 126 1 4
1418 276 3 4
1419 215 9 4
1420 291 7 3
1421 278 0 3
1422 143 6 3
1423 129 0 1
1424 276 6 3
1425 249 7 1
1426 280 1 4
1427 292 1 1
1428 138 4 2
1429 123 8 4
1430 156 1 4
1431 111 9 2
1432 208 3 4
1433 208 9 3
1434 257 1 2
1435 185 7 2
1436 212 6 3
1437 285 7 3
1438 136 2 2
1439 155 2 3
1440 188 6 1
1441 297 7 3
1442 135 8 3
1443 204 2 4
1444 238 10 3
1445 133 1 3
1446 268 2 4
1447 300 9 2
1448 234 6 3
1449 256 2 1
1450 196 9 1
1451 263 7 3
1452 174 0 2
1453 201 0 2
1454 232 1 3
1455 183 8 1
1456 100 0 4
1457 217 10 2
1458 175 2 4
1459 239 0 1
1460 153 6 2
1461 139 7 2
1462 134 5 4
1463 225 0 3
1464 127 2 1
1465 156 6 3
1466 245 8 2
1467 274 6 1
1468 153 1 1
1469 144 1 1
1470 244 3 4
1471 167 2 3
1472 207 8 2
1473 127 2 1
1474 190 5 3
1475 143 7 4
1476 172 9 2
1477 211 4 1
1478 101 0 4
1479 143 8 1
1480 226 3 2
1481 146 8 2
1482 268 10 2
1483 117 10 1
1484 158 9 1
1485 191 2 3
1486 238 10 1
1487 241 10 4
1488 283 4 3
1489 118 5 1
1490 280 10 3
1491 130 8 2
1492 173 7 2
1493 192 10 1
1494 204 1 3
1495 102 6 2
1496 241 8 1
1497 275 8 2
1498 234 6 4
1499 252 2 3
1500 296 3 1
1501 104 6 4
1502 288 2 1
1503 229 10 4
1504 186 10 1
1505 275 4 1
1506 101 8 4
1507 250 4 4
1508 198 3 4
1509 103 1 3
1510 101 8 1
1511 228 5 3
1512 232 7 2
1513 219 3 1
1514 216 3 1
1515 100 6 1
1516 181 10 1
1517 235 6 3
1518 229 0 1
1519 135 10 3
1520 286 7 4
1521 110 6 2
1522 183 3 3
1523 103 1 1
1524 171 2 1
1525 132 4 1
1526 134 5 4
1527 162 4 4
1528 175 2 1
1529 195 4 1
1530 286 3 2
1531 259 10 3
1532 160 10 4
1533 199 6 3
1534 212 1 3
1535 275 3 4
1536 169 6 2
1537 172 0 2
1538 295 5 3
1539 210 1 4
1540 274 2 2
1541 225 2 1
1542 225 2 4
1543 245 3 2
1544 120 8 1
1545 227 7 3
1546 190 6 2
1547 191 2 3
1548 128 8 2
1549 129 3 1
1550 257 2 2
1551 118 4 2
1552 211 9 3
1553 256 2 3
1554 265 6 1
1555 111 7 3
1556 293 4 4
1557 177 0 1
1558 233 0 1
1559 167 6 2
1560 139 6 1
1561 168 5 3
1562 249 9 4
1563 294 3 3
1564 292 2 4
1565 147 10 3
1566 279 2 3
1567 215 9 4
1568 245 2 1
1569 146 9 1
1570 198 1 1
1571 206 7 2
1572 242 5 3
1573 266 4 4
1574 200 4 2
1575 168 3 2
1576 141 2 2
1577 238 1 4
1578 112 9 2
1579 282 3 2
1580 270 9 1
1581 218 5 2
1582 239 5 1
1583 177 0 3
1584 229 5 1
1585 212 7 4
1586 215 2 1
1587 297 0 3
1588 231 0 1
1589 125 5 2
1590 201 3 3
1591 143 0 3
1592 163 2 1
1593 157 5 4
1594 167 4 3
1595 271 4 4
1596 179 1 4
1597 210 1 2
1598 168 2 4
1599 102 8 3
1600 279 1 1
1601 200 9 2
1602 208 3 4
1603 278 5 4
1604 128 9 4
1605 146 7 2
1606 297 8 1
1607 100 8 3
1608 217 3 1
1609 258 6 1
1610 274 7 4
1611 149 0 3
1612 235 8 4
1613 242 5 2
1614 123 3 3
1615 164 2 3
1616 112 6 2
1617 183 1 2
1618 237 4 1
1619 272 1 4
1620 225 3 2
1621 200 6 4
1622 199 10 2
1623 197 0 2
1624 198 2 4
1625 241 7 4
1626 218 1 3
1627 149 1 4
1628 182 1 2
1629 177 4 3
1630 215 5 4
1631 284 5 1
1632 288 2 4
1633 194 4 3
1634 207 7 1
1635 149 10 3
1636 208 6 3
1637 278 7 4
1638 124 6 1
1639 110 9 2
1640 257 6 4
1641 181 9 2
1642 266 0 1
1643 281 10 4
1644 228 2 1
1645 195 5 3
1646 163 2 2
1647 187 9 4
1648 250 0 4
1649 289 5 3
1650 139 1 3
1651 256 0 4
1652 240 0 1
1653 106 4 2
1654 173 7 3
1655 155 9 3
1656 276 2 2
1657 165 10 2
1658 125 9 1
1659 284 6 1
1660 201 4 4
1661 123 6 4
1662 256 10 1
1663 220 10 4
1664 166 10 3
1665 101 10 1
1666 213 4 2
1667 182 9 3
1668 100 2 4
1669 163 4 1
1670 144 5 1
1671 222 0 4
1672 299 8 1
1673 202 1 2
1674 253 4 1
1675 264 7 3
1676 213 8 2
1677 208 2 2
1678 158 5 3
1679 135 7 2
1680 294 5 3
1681 233 8 2
1682 287 2 2
1683 231 0 2
1684 287 10 2
1685 245 5 4
1686 224 2 3
1687 131 2 1
1688 193 10 3
1689 231 9 3
1690 103 4 3
1691 123 1 1
1692 156 7 1
1693 247 8 4
1694 196 1 4
1695 177 5 2
1696 113 6 2
1697 108 4 2
1698 159 8 3
1699 272 10 3
1700 112 0 4
1701 186 8 1
1702 286 7 3
1703 181 10 4
1704 143 3 3
1705 124 0 3
1706 290 9 3
1707 215 2 4
1708 235 10 1
1709 104 3 3
1710 276 0 2
1711 117 8 3
1712 191 7 3
1713 143 5 2
1714 146 8 2
1715 175 8 4
1716 227 10 2
1717 225 6 4
1718 121 1 4
1719 298 7 4
1720 232 6 1
1721 289 2 4
1722 100 9 3
1723 252 5 4
1724 159 2 1
1725 100 4 3
1726 152 1 1
1727 190 3 1
1728 214 0 2
1729 149 8 1
1730 132 9 4
1731 154 7 3
1732 224 8 1
1733 129 8 2
1734 128 5 2
1735 199 9 4
1736 201 4 1
1737 139 7 4
1738 288 7 2
1739 251 10 3
1740 101 0 3
1741 167 5 1
1742 157 5 1
1743 280 10 1
1744 217 2 2
1745 131 4 4
1746 264 3 4
1747 294 3 1
1748 249 5 4
1749 180 6 3
1750 149 3 4
1751 169 7 4
1752 158 10 4
1753 134 1 3
1754 272 9 4
1755 120 10 4
1756 110 10 4
1757 164 7 3
1758 104 8 2
1759 213 5 3
1760 297 6 4
1761 203 0 4
1762 187 3 3
1763 223 9 2
1764 213 7 3
1765 189 1 3
1766 186 5 2
1767 206 3 4
1768 235 8 2
1769 103 8 3
1770 173 3 4
1771 289 4 2
1772 181 2 2
1773 177 3 2
1774 108 6 3
1775 215 10 3
1776 145 9 1
1777 270 10 1
1778 264 3 4
1779 193 3 4
1780 174 5 2
1781 231 1 4
1782 237 9 3
1783 280 5 2
1784 109 1 3
1785 142 3 4
1786 227 7 2
1787 116 8 2
1788 117 8 4
1789 196 6 2
1790 155 9 3
1791 206 8 1
1792 236 3 4
1793 232 8 2
1794 193 5 3
1795 231 10 2
1796 138 3 4
1797 128 1 3
1798 277 8 3
1799 286 3 4
1800 100 6 3
1801 231 4 2
1802 157 3 1
1803 167 0 4
1804 146 10 3
1805 225 10 1
1806 252 8 4
1807 153 2 4
1808 162 6 3
1809 256 2 1
1810 235 3 4
1811 103 7 3
1812 281 7 3
1813 298 5 1
1814 151 6 2
1815 256 5 3
1816 139 8 2
1817 145 2 3
1818 163 0 1
1819 235 5 2
1820 148 9 4
1821 279 7 1
1822 246 0 3
1823 181 3 2
1824 150 1 4
1825 209 9 2
1826 153 10 1
1827 167 7 3
1828 149 0 4
1829 205 0 3
1830 262 0 4
1831 128 7 3
1832 171 2 3
1833 110 0 3
1834 220 5 4
1835 283 2 4
1836 176 0 4
1837 154 0 3
1838 266 8 3
1839 180 0 3
1840 121 0 4
1841 134 0 2
1842 296 2 3
1843 275 8 1
1844 297 1 3
1845 110 8 4
1846 275 9 3
1847 257 3 4
1848 114 3 2
1849 216 3 4
1850 296 0 2
1851 161 0 1
1852 244 10 4
1853 240 6 4
1854 260 10 4
1855 137 5 2
1856 144 1 2
1857 291 5 2
1858 110 3 4
1859 214 10 3
1860 286 9 2
1861 166 6 4
1862 233 0 3
1863 169 2 3
1864 204 10 2
1865 196 5 4
1866 214 10 2
1867 150 6 1
1868 253 5 3
1869 262 3 4
1870 245 0 1
1871 133 0 2
1872 195 2 3
1873 208 3 2
1874 262 6 1
1875 113 2 3
1876 210 1 1
1877 176 7 1
1878 101 5 1
1879 292 3 1
1880 267 8 2
1881 158 4 2
1882 213 0 4
1883 192 9 4
1884 105 2 2
1885 291 7 2
1886 212 6 2
1887 180 1 2
1888 300 7 2
1889 114 1 2
1890 168 2 3
1891 213 5 3
1892 257 6 3
1893 194 0 4
1894 241 8 3
1895 214 6 4
1896 211 3 4
1897 227 3 3
1898 105 7 4
1899 118 0 1
1900 204 3 1
1901 108 1 3
1902 276 2 2
1903 113 0 2
1904 207 3 3
1905 281 9 4
1906 206 10 4
1907 150 0 4
1908 217 1 3
1909 198 8 2
1910 102 7 2
1911 298 3 4
1912 126 7 3
1913 283 6 1
1914 141 3 3
1915 196 5 3
1916 226 4 2
1917 190 5 1
1918 172 1 1
1919 199 5 1
1920 127 9 2
1921 282 2 4
1922 163 0 2
1923 200 8 1
1924 158 3 1
1925 211 4 2
1926 243 0 4
1927 189 7 4
1928 217 8 3
1929 219 2 1
1930 197 5 2
1931 255 9 4
1932 147 6 3
1933 159 7 1
1934 192 10 1
1935 197 2 4
1936 160 0 2
1937 184 5 2
1938 124 10 4
1939 248 0 2
1940 276 8 1
1941 116 8 1
1942 180 5 2
1943 136 8 2
1944 259 8 4
1945 218 4 4
1946 125 5 3
1947 297 3 1
1948 178 2 2
1949 237 2 3
1950 186 10 1
1951 279 2 4
1952 245 2 3
1953 239 8 4
1954 262 9 2
1955 253 5 3
1956 270 7 3
1957 132 3 2
1958 152 4 1
1959 203 2 2
1960 292 0 4
1961 226 2 3
1962 292 9 3
1963 130 6 2
1964 288 5 4
1965 194 5 3
1966 194 1 2
1967 116 4 2
1968 144 5 3
1969 209 2 4
1970 275 5 2
1971 134 0 3
1972 221 2 1
1973 229 5 3
1974 115 10 3
1975 182 1 3
1976 254 0 1
1977 260 3 2
1978 222 5 4
1979 110 2 3
1980 105 0 1
1981 300 3 3
1982 101 2 3
1983 217 6 1
1984 275 6 4
1985 208 3 3
1986 162 5 2
1987 164 8 4
1988 294 1 2
1989 166 6 3
1990 117 0 3
1991 291 7 1
1992 137 10 1
1993 133 10 2
1994 100 6 4
1995 193 0 4
1996 200 4 4
1997 275 5 3
1998 218 4 2
1999 237 7 1
2000 176 10 2
2001 254 0 3
2002 187 10 4
2003 163 7 2
2004 147 3 3
2005 189 8 2
2006 155 2 2
2007 181 1 2
2008 125 7 4
2009 260 6 2
2010 202 9 2
2011 170 7 1
2012 104 4 3
2013 282 8 2
2014 152 0 2
2015 179 3 1
2016 157 3 4
2017 283 8 3
2018 130 9 3
2019 172 7 1
2020 244 2 1
2021 206 7 2
2022 278 4 1
2023 195 2 3
2024 292 6 3
2025 282 0 1
2026 196 7 2
2027 130 1 1
2028 293 5 4
2029 219 1 1
2030 132 3 2
2031 299 5 2
2032 298 8 4
2033 199 2 3
2034 132 2 1
2035 236 1 1
2036 229 6 4
2037 194 10 1
2038 175 7 4
2039 255 0 2
2040 286 5 1
2041 255 9 2
2042 298 3 4
2043 267 8 1
2044 143 9 1
2045 163 5 4
2046 157 2 3
2047 205 7 1
2048 300 9 1
2049 113 3 3
2050 114 10 4
2051 223 1 2
2052 106 4 2
2053 241 1 1
2054 219 9 4
2055 205 9 2
2056 163 9 3
2057 175 10 4
2058 145 1 4
2059 135 6 4
2060 151 10 2
2061 234 10 1
2062 220 1 1
2063 208 10 2
2064 153 7 1
2065 165 10 1
2066 268 1 1
2067 206 3 1
2068 262 9 4
2069 172 7 3
2070 175 2 1
2071 135 3 1
2072 148 10 1
2073 180 10 3
2074 201 8 2
2075 165 4 2
2076 237 3 1
2077 269 5 2
2078 109 0 2
2079 270 2 1
2080 131 5 3
2081 268 6 3
2082 217 4 2
2083 266 8 1
2084 159 3 2
2085 172 0 3
2086 247 7 2
2087 257 7 4
2088 201 7 4
2089 200 3 2
2090 190 3 2
2091 218 9 2
2092 236 2 3
2093 104 1 2
2094 111 8 4
2095 279 1 2
2096 224 9 1
2097 156 3 1
2098 232 1 2
2099 197 6 1
2100 288 8 2
2101 247 7 2
2102 154 0 1
2103 205 1 3
2104 285 8 3
2105 224 3 2
2106 254 5 3
2107 280 5 4
2108 240 5 1
2109 117 4 2
2110 103 0 4
2111 202 0 1
2112 214 0 1
2113 118 7 2
2114 187 10 4
2115 272 9 3
2116 260 8 3
2117 199 9 4
2118 246 9 1
2119 170 7 3
2120 241 2 4
2121 265 1 3
2122 154 0 3
2123 269 2 1
2124 110 6 1
2125 117 3 3
2126 298 7 1
2127 289 2 3
2128 241 0 1
2129 175 7 1
2130 163 6 2
2131 225 6 3
2132 162 1 3
2133 120 8 4
2134 186 3 3
2135 121 6 4
2136 209 4 2
2137 265 9 2
2138 219 3 1
2139 165 2 3
2140 230 1 3
2141 122 7 3
2142 129 1 3
2143 210 3 1
2144 238 9 1
2145 108 10 1
2146 272 1 1
2147 192 0 2
2148 234 10 2
2149 193 4 1
2150 110 4 3
2151 124 8 3
2152 223 1 4
2153 295 9 4
2154 168 1 3
2155 178 3 2
2156 196 0 2
2157 272 6 4
2158 299 4 3
2159 158 1 3
2160 130 6 3
2161 101 10 1
2162 111 7 2
2163 105 1 3
2164 255 3 1
2165 255 9 2
2166 200 0 2
2167 239 7 4
2168 276 5 1
2169 170 5 4
2170 165 7 3
2171 233 9 3
2172 279 5 4
2173 230 7 3
2174 284 7 2
2175 128 4 2
2176 239 3 2
2177 240 5 1
2178 213 6 3
2179 143 4 4
2180 277 7 2
2181 259 1 4
2182 177 6 2
2183 180 9 3
2184 286 4 3
2185 254 0 1
2186 165 5 4
2187 295 5 3
2188 225 5 1
2189 154 4 1
2190 205 2 3
2191 261 10 1
2192 292 7 1
2193 151 1 4
2194 208 1 1
2195 133 6 3
2196 135 1 4
2197 143 2 2
2198 134 2 3
2199 107 2 2
2200 130 8 4
2201 279 9 4
2202 292 0 4
2203 299 7 1
2204 289 10 2
2205 238 0 4
2206 231 3 3
2207 104 6 4
2208 193 1 4
2209 175 10 2
2210 236 3 1
2211 173 9 2
2212 106 8 2
2213 171 6 2
2214 122 6 3
2215 168 0 3
2216 125 0 1
2217 271 3 1
2218 263 0 2
2219 286 5 2
2220 221 9 1
2221 300 4 4
2222 287 3 3
2223 196 3 2
2224 242 7 1
2225 127 3 3
2226 282 4 4
2227 252 3 3
2228 282 5 2
2229 155 0 3
2230 141 7 1
2231 103 7 3
2232 102 8 3
2233 233 7 1
2234 124 1 3
2235 170 9 3
2236 140 6 3
2237 207 3 4
2238 216 6 4
2239 146 8 3
2240 266 8 4
2241 241 1 3
2242 240 2 3
2243 286 1 2
2244 234 2 1
2245 153 10 1
2246 275 6 1
2247 241 4 4
2248 231 5 2
2249 228 8 3
2250 214 7 2
2251 183 7 4
2252 246 10 4
2253 169 8 4
2254 246 0 1
2255 200 4 2
2256 221 9 1
2257 160 1 3
2258 173 6 2
2259 249 2 4
2260 127 7 1
2261 268 4 3
2262 187 2 3
2263 227 7 4
2264 269 6 3
2265 275 6 3
2266 264 7 4
2267 109 6 2
2268 123 10 2
2269 102 9 4
2270 124 0 2
2271 218 7 4
2272 268 3 4
2273 198 9 2
2274 208 9 3
2275 219 2 1
2276 235 10 4
2277 268 7 4
2278 232 3 2
2279 144 0 4
2280 199 5 1
2281 281 3 1
2282 264 10 1
2283 240 2 2
2284 165 10 4
2285 139 9 2
2286 291 4 2
2287 195 7 3
2288 290 1 4
2289 228 8 2
2290 230 4 4
2291 214 8 1
2292 115 0 4
2293 106 1 4
2294 188 6 3
2295 169 2 1
2296 144 4 4
2297 192 9 3
2298 216 1 2
2299 110 8 3
2300 199 10 1
2301 140 1 1
2302 212 6 2
2303 280 3 1
2304 117 6 2
2305 144 10 4
2306 120 4 3
2307 184 10 2
2308 293 10 2
2309 224 8 3
2310 275 5 1
2311 164 6 2
2312 163 6 1
2313 166 5 2
2314 289 0 2
2315 128 5 4
2316 137 9 1
2317 271 5 1
2318 175 3 4
2319 106 2 4
2320 279 2 1
2321 133 0 4
2322 245 1 4
2323 170 7 4
2324 205 6 4
2325 262 8 4
2326 173 7 1
2327 298 1 2
2328 180 9 4
2329 228 0 2
2330 160 4 4
2331 166 9 4
2332 201 9 3
2333 230 8 4
2334 106 7 1
2335 106 5 4
2336 172 5 3
2337 266 1 3
2338 242 10 3
2339 163 10 4
2340 269 0 2
2341 270 7 3
2342 226 9 1
2343 176 1 2
2344 167 4 4
2345 260 8 4
2346 271 5 4
2347 259 4 1
2348 106 6 2
2349 299 6 4
2350 214 3 4
2351 266 1 1
2352 221 10 1
2353 127 9 1
2354 181 8 4
2355 196 5 1
2356 174 8 1
2357 208 0 1
2358 201 7 4
2359 219 6 1
2360 289 9 3
2361 104 2 4
2362 195 6 1
2363 107 7 3
2364 288 5 4
2365 114 3 2
2366 246 6 3
2367 266 10 3
2368 113 0 4
2369 236 4 4
2370 146 9 4
2371 267 0 2
2372 165 5 2
2373 298 8 3
2374 209 7 1
2375 288 8 2
2376 152 6 3
2377 151 9 4
2378 223 10 2
2379 278 1 3
2380 130 1 1
2381 219 4 1
2382 168 4 1
2383 153 4 2
2384 215 7 2
2385 114 2 4
2386 113 7 3
2387 220 6 1
2388 116 8 2
2389 119 6 4
2390 108 9 1
2391 101 4 4
2392 154 0 3
2393 211 8 2
2394 251 0 1
2395 180 8 2
2396 282 0 4
2397 231 2 1
2398 224 1 3
2399 126 6 3
2400 167 9 3
2401 160 9 1
2402 150 6 2
2403 171 3 2
2404 109 2 1
2405 230 4 2
2406 127 5 1
2407 127 9 3
2408 168 8 2
2409 171 1 4
2410 242 10 4
2411 129 2 2
2412 259 10 3
2413 166 0 1
2414 275 6 4
2415 148 8 1
2416 141 0 3
2417 286 0 3
2418 153 6 1
2419 119 2 3
2420 208 6 1
2421 285 9 1
2422 174 1 2
2423 198 8 4
2424 254 1 2
2425 129 3 2
2426 118 7 2
2427 254 3 1
2428 255 3 3
2429 222 6 1
2430 106 10 4
2431 129 1 2
2432 108 8 3
2433 128 8 1
2434 277 8 3
2435 104 10 2
2436 134 8 1
2437 246 10 3
2438 136 7 3
2439 278 6 4
2440 110 4 4
2441 229 2 2
2442 271 6 3
2443 145 5 1
2444 245 8 4
2445 147 5 4
2446 229 1 1
2447 169 6 4
2448 176 5 3
2449 185 7 4
2450 149 1 1
2451 149 2 1
2452 153 2 2
2453 251 6 1
2454 157 6 4
2455 226 8 4
2456 177 3 2
2457 276 0 1
2458 250 8 1
2459 248 3 1
2460 132 4 4
2461 300 3 3
2462 292 2 4
2463 244 9 4
2464 191 10 3
2465 293 7 4
2466 220 7 3
2467 153 4 4
2468 203 0 3
2469 188 9 1
2470 161 6 1
2471 275 4 1
2472 123 8 3
2473 197 7 4
2474 150 0 2
2475 222 1 4
2476 176 10 3
2477 100 0 3
2478 285 7 2
2479 173 3 1
2480 266 7 1
2481 205 3 3
2482 138 1 2
2483 176 6 1
2484 100 10 2
2485 168 9 3
2486 187 6 4
2487 101 10 2
2488 228 6 3
2489 105 10 1
2490 227 9 3
2491 161 8 3
2492 195 4 1
2493 151 5 1
2494 233 9 1
2495 116 6 4
2496 110 8 4
2497 289 10 2
2498 199 0 4
2499 192 3 3
2500 168 2 1
2501 289 2 2
2502 124 1 4
2503 196 1 3
2504 293 9 3
2505 189 8 3
2506 101 0 3
2507 189 3 2
2508 195 2 1
2509 258 10 3
2510 229 7 4
2511 227 8 2
2512 195 6 2
2513 199 8 1
2514 154 6 4
2515 299 9 4
2516 224 2 1
2517 226 10 4
2518 238 1 2
2519 297 2 1
2520 172 6 4
2521 184 8 2
2522 251 5 3
2523 196 3 2
2524 253 4 1
2525 295 5 4
2526 283 3 2
2527 263 7 2
2528 152 2 2
2529 171 9 2
2530 148 3 4
2531 168 7 2
2532 298 0 2
2533 232 10 1
2534 125 6 4
2535 238 2 4
2536 285 0 1
2537 159 4 3
2538 109 9 4
2539 190 2 3
2540 297 10 3
2541 219 3 2
2542 295 0 3
2543 128 1 1
2544 196 4 3
2545 108 1 3
2546 290 7 1
2547 193 6 4
2548 120 9 3
2549 300 2 1
2550 253 7 4
2551 120 9 4
2552 167 1 2
2553 287 9 3
2554 108 8 2
2555 211 8 3
2556 168 3 4
2557 132 8 1
2558 265 2 4
2559 279 10 2
2560 220 3 3
2561 142 7 2
2562 113 0 2
2563 293 8 1
2564 113 2 2
2565 155 4 2
2566 106 9 4
2567 287 7 2
2568 167 8 3
2569 220 6 2
2570 168 6 4
2571 231 2 3
2572 144 8 3
2573 166 1 2
2574 246 2 3
2575 260 0 2
2576 212 10 3
2577 258 7 4
2578 199 2 4
2579 196 6 2
2580 221 4 3
2581 118 5 3
2582 248 0 1
2583 247 7 3
2584 266 8 2
2585 194 5 3
2586 159 4 2
2587 233 9 2
2588 192 6 4
2589 154 3 4
2590 186 3 3
2591 285 6 1
2592 143 1 1
2593 230 8 4
2594 219 5 1
2595 102 4 1
2596 121 8 3
2597 254 9 3
2598 105 6 2
2599 290 9 1
2600 174 10 1
2601 250 10 3
2602 215 1 2
2603 297 5 3
2604 210 2 4
2605 229 4 2
2606 281 4 1
2607 129 9 2
2608 182 6 2
2609 252 2 1
2610 210 10 3
2611 167 2 4
2612 201 8 3
2613 256 5 1
2614 292 6 1
2615 100 4 2
2616 266 4 2
2617 118 0 4
2618 142 3 2
2619 219 4 2
2620 199 4 4
2621 298 5 2
2622 144 6 1
2623 289 0 1
2624 212 5 4
2625 108 9 3
2626 222 2 3
2627 213 0 1
2628 241 0 1
2629 188 1 1
2630 258 7 3
2631 252 1 1
2632 106 8 1
2633 162 4 4
2634 255 5 4
2635 160 2 1
2636 133 0 3
2637 263 4 1
2638 173 0 3
2639 247 6 2
2640 116 8 1
2641 243 2 4
2642 256 2 4
2643 144 7 4
2644 141 9 4
2645 199 1 4
2646 281 1 2
2647 286 7 3
2648 199 8 4
2649 296 7 4
2650 172 6 3
2651 111 0 1
2652 266 5 3
2653 133 10 4
2654 297 2 2
2655 122 3 3
2656 286 3 3
2657 230 4 1
2658 276 1 3
2659 195 2 2
2660 280 2 3
2661 298 1 3
2662 150 10 3
2663 164 2 1
2664 258 6 1
2665 222 7 4
2666 246 1 4
2667 191 2 2
2668 120 2 2
2669 242 2 4
2670 140 7 4
2671 103 1 1
2672 140 10 4
2673 142 1 1
2674 167 0 2
2675 236 7 1
2676 215 10 3
2677 145 8 1
2678 232 3 1
2679 246 0 3
2680 162 7 4
2681 212 6 2
2682 255 8 1
2683 240 5 2
2684 143 0 1
2685 225 8 4
2686 235 9 4
2687 107 6 3
2688 161 7 4
2689 289 1 4
2690 231 0 2
2691 213 8 1
2692 267 9 2
2693 227 5 1
2694 139 0 3
2695 253 2 1
2696 277 7 1
2697 238 2 2
2698 244 10 3
2699 171 2 3
2700 147 3 1
2701 146 4 4
2702 192 4 2
2703 223 4 3
2704 182 0 3
2705 176 6 1
2706 122 6 1
2707 144 2 2
2708 250 0 2
2709 257 4 3
2710 285 1 2
2711 211 7 4
2712 246 10 4
2713 195 6 1
2714 218 5 2
2715 212 4 1
2716 108 5 3
2717 126 10 2
2718 120 10 1
2719 226 8 2
2720 102 1 4
2721 115 1 4
2722 203 8 1
2723 228 6 3
2724 212 1 4
2725 232 8 1
2726 294 4 4
2727 219 1 4
2728 141 9 1
2729 184 6 3
2730 233 3 3
2731 295 6 1
2732 172 1 4
2733 204 10 1
2734 183 2 4
2735 253 9 2
2736 132 2 3
2737 278 10 2
2738 216 5 1
2739 268 9 3
2740 222 5 4
2741 156 9 4
2742 149 7 2
2743 226 8 4
2744 226 3 3
2745 184 6 1
2746 250 8 4
2747 154 10 3
2748 254 7 3
2749 262 7 2
2750 255 3 4
2751 153 0 1
2752 200 3 3
2753 118 3 4
2754 181 5 2
2755 123 8 4
2756 288 9 2
2757 300 7 2
2758 153 2 3
2759 228 0 4
2760 119 10 3
2761 138 8 4
2762 121 6 4
2763 151 1 2
2764 112 2 3
2765 213 2 1
2766 220 8 4
2767 160 8 3
2768 254 10 2
2769 127 1 2
2770 146 3 4
2771 202 1 1
2772 199 8 1
2773 126 10 4
2774 200 10 4
2775 176 10 4
2776 298 1 3
2777 275 0 3
2778 204 1 4
2779 117 8 2
2780 142 2 4
2781 296 8 1
2782 152 10 2
2783 246 7 4
2784 259 2 3
2785 158 8 2
2786 213 5 4
2787 134 7 1
2788 279 5 4
2789 144 4 2
2790 287 1 3
2791 221 7 4
2792 184 9 2
2793 255 3 4
2794 294 4 3
2795 124 6 1
2796 253 9 3
2797 227 3 4
2798 152 6 3
2799 102 6 4
2800 112 6 4
2801 104 9 3
2802 268 7 3
2803 272 0 3
2804 186 8 4
2805 261 9 3
2806 220 8 4
2807 271 0 2
2808 297 1 3
2809 212 8 3
2810 204 0 1
2811 255 10 1
2812 210 4 3
2813 176 7 1
2814 149 8 2
2815 233 10 2
2816 227 9 4
2817 114 10 2
2818 248 9 1
2819 124 6 2
2820 207 3 3
2821 262 1 2
2822 165 10 2
2823 213 4 1
2824 294 1 3
2825 150 7 3
2826 284 9 2
2827 254 1 4
2828 258 8 2
2829 276 1 3
2830 216 4 3
2831 292 0 3
2832 159 3 2
2833 169 4 4
2834 300 5 3
2835 126 5 2
2836 284 7 1
2837 180 9 3
2838 116 4 3
2839 213 10 4
2840 162 0 4
2841 238 1 2
2842 140 7 1
2843 123 5 4
2844 248 10 4
2845 111 8 4
2846 247 10 2
2847 173 1 2
2848 187 0 1
2849 246 0 1
2850 116 3 3
2851 218 6 1
2852 101 3 4
2853 163 4 3
2854 146 6 2
2855 186 8 2
2856 272 1 4
2857 186 4 2
2858 220 1 1
2859 210 4 4
2860 188 9 1
2861 181 6 1
2862 252 3 4
2863 297 2 1
2864 219 5 3
2865 133 0 3
2866 187 1 2
2867 264 5 2
2868 185 3 2
2869 168 8 4
2870 274 4 1
2871 122 9 4
2872 123 10 2
2873 255 4 2
2874 111 3 2
2875 199 1 2
2876 257 6 4
2877 258 4 4
2878 266 2 1
2879 218 9 3
2880 295 2 2
2881 231 10 1
2882 145 10 4
2883 148 9 4
2884 230 7 2
2885 269 8 4
2886 101 2 4
2887 159 7 4
2888 239 6 4
2889 166 5 4
2890 191 0 4
2891 121 4 3
2892 233 6 1
2893 293 9 3
2894 215 7 3
2895 119 2 1
2896 206 6 4
2897 175 4 2
2898 139 4 1
2899 292 1 4
2900 118 2 4
2901 145 3 3
2902 169 3 1
2903 218 0 1
2904 299 7 2
2905 280 4 4
2906 297 9 2
2907 116 1 1
2908 168 4 1
2909 187 9 1
2910 283 3 1
2911 270 2 2
2912 213 5 1
2913 298 8 4
2914 141 4 1
2915 214 1 4
2916 232 1 4
2917 179 1 2
2918 276 6 1
2919 179 9 2
2920 209 10 1
2921 186 0 1
2922 244 2 2
2923 215 10 4
2924 246 8 4
2925 221 8 3
2926 200 8 4
2927 106 1 1
2928 217 9 4
2929 194 1 2
2930 240 8 2
2931 109 3 4
2932 139 8 2
2933 226 5 1
2934 107 9 2
2935 109 10 3
2936 145 6 4
2937 141 4 1
2938 232 7 1
2939 185 9 4
2940 199 5 2
2941 111 4 3
2942 261 6 3
2943 249 9 4
2944 277 7 4
2945 135 1 3
2946 186 0 3
2947 113 0 4
2948 213 1 1
2949 153 1 2
2950 260 7 3
2951 181 0 2
2952 260 4 4
2953 289 1 3
2954 181 1 1
2955 215 9 4
2956 195 5 2
2957 174 1 4
2958 119 5 4
2959 186 8 3
2960 161 10 2
2961 225 9 1
2962 276 0 1
2963 269 5 3
2964 271 3 4
2965 293 0 4
2966 145 0 2
2967 237 5 4
2968 173 9 2
2969 123 9 3
2970 244 10 2
2971 282 10 2
2972 119 0 3
2973 124 6 4
2974 133 0 4
2975 296 6 4
2976 171 0 1
2977 268 4 3
2978 106 6 4
2979 129 2 2
2980 106 9 3
2981 279 9 1
2982 290 3 4
2983 239 2 1
2984 183 1 4
2985 105 4 1
2986 264 6 2
2987 173 3 2
2988 284 5 2
2989 219 0 4
2990 222 1 1
2991 110 3 1
2992 270 4 4
2993 254 9 4
2994 272 7 2
2995 181 6 2
2996 300 7 2
2997 284 4 2
2998 260 10 4
2999 245 7 3
3000 180 4 2
3001 122 0 4
3002 172 6 4
3003 188 7 1
3004 235 8 3
3005 165 4 3
3006 285 9 1
3007 228 7 4
3008 193 6 1
3009 199 5 2
3010 204 0 2
3011 262 3 4
3012 134 0 4
3013 184 1 4
3014 252 8 2
3015 207 3 2
3016 267 4 1
3017 102 7 3
3018 223 1 4
3019 263 5 3
3020 240 3 4
3021 226 2 4
3022 155 8 1
3023 278 3 1
3024 215 4 4
3025 255 8 3
3026 223 3 3
3027 127 0 1
3028 218 7 2
3029 288 10 3
3030 226 9 4
3031 199 7 1
3032 193 7 3
3033 279 1 1
3034 231 7 4
3035 179 10 1
3036 128 6 2
3037 270 6 4
3038 158 8 2
3039 136 8 1
3040 151 5 3
3041 134 9 1
3042 254 1 4
3043 144 6 1
3044 108 5 1
3045 166 6 3
3046 230 4 2
3047 209 3 2
3048 147 10 3
3049 289 9 1
3050 228 7 4
3051 120 10 2
3052 128 5 3
3053 222 8 3
3054 297 6 3
3055 204 8 3
3056 110 1 3
3057 134 5 1
3058 206 9 2
3059 202 9 2
3060 157 9 1
3061 252 1 1
3062 279 9 2
3063 186 3 3
3064 152 3 2
3065 110 6 4
3066 209 2 1
3067 144 10 2
3068 135 0 4
3069 196 9 4
3070 136 0 1
3071 182 5 1
3072 159 9 1
3073 268 3 4
3074 236 9 3
3075 221 5 4
3076 270 7 4
3077 129 6 1
3078 184 6 2
3079 212 8 4
3080 211 10 3
3081 252 5 1
3082 223 3 3
3083 228 10 1
3084 296 2 4
3085 225 3 1
3086 283 2 1
3087 230 7 4
3088 295 2 1
3089 108 0 3
3090 112 10 2
3091 138 7 4
3092 212 5 3
3093 277 6 2
3094 141 3 2
3095 144 8 1
3096 118 3 2
3097 175 3 3
3098 261 7 2
3099 151 2 2
3100 212 5 4
3101 242 6 2
3102 110 3 1
3103 135 0 4
3104 254 5 3
3105 107 5 1
3106 228 9 1
3107 287 10 1
3108 116 1 4
3109 148 9 2
3110 147 5 1
3111 246 1 2
3112 149 10 4
3113 174 8 4
3114 113 1 2
3115 129 1 3
3116 149 6 1
3117 247 8 1
3118 239 5 1
3119 254 10 3
3120 190 2 2
3121 212 0 2
3122 205 4 4
3123 158 2 1
3124 153 8 2
3125 234 4 1
3126 223 0 1
3127 289 5 1
3128 185 2 4
3129 259 10 4
3130 117 6 2
3131 239 1 1
3132 251 1 1
3133 298 8 4
3134 213 2 1
3135 165 7 1
3136 117 5 3
3137 221 1 2
3138 108 4 1
3139 280 8 1
3140 115 9 1
3141 120 4 4
3142 227 7 2
3143 246 1 1
3144 299 3 3
3145 197 0 2
3146 130 2 1
3147 222 9 3
3148 275 9 2
3149 151 8 2
3150 115 9 4
3151 234 2 1
3152 203 3 3
3153 134 8 1
3154 115 9 2
3155 253 4 1
3156 180 6 2
3157 232 1 2
3158 114 3 2
3159 176 7 4
3160 102 5 2
3161 195 6 4
3162 206 5 3
3163 273 1 4
3164 217 4 3
3165 106 2 3
3166 259 7 1
3167 212 10 4
3168 159 7 2
3169 186 0 4
3170 218 7 3
3171 118 5 1
3172 253 8 2
3173 257 4 2
3174 103 5 3
3175 168 5 2
3176 108 6 2
3177 145 5 3
3178 277 10 1
3179 205 4 2
3180 253 3 1
3181 185 8 4
3182 153 1 2
3183 176 1 1
3184 199 8 3
3185 251 3 3
3186 164 1 3
3187 228 3 1
3188 284 2 2
3189 101 3 4
3190 124 4 3
3191 199 6 2
3192 283 4 2
3193 204 5 2
3194 115 8 3
3195 254 5 4
3196 119 0 1
3197 250 3 4
3198 258 7 2
3199 220 0 3
3200 256 2 4
3201 188 6 3
3202 273 9 1
3203 175 5 4
3204 153 9 1
3205 224 8 1
3206 231 0 2
3207 140 1 4
3208 246 8 1
3209 127 6 4
3210 217 5 3
3211 274 6 4
3212 160 6 2
3213 141 8 4
3214 141 6 1
3215 144 3 2
3216 168 7 1
3217 154 1 1
3218 146 8 4
3219 180 5 3
3220 111 2 3
3221 238 5 4
3222 104 8 2
3223 195 1 3
3224 294 5 1
3225 115 0 3
3226 134 5 3
3227 258 0 3
3228 205 9 4
3229 276 5 3
3230 111 5 3
3231 269 7 4
3232 296 8 4
3233 171 5 2
3234 191 7 2
3235 299 0 4
3236 130 1 4
3237 279 2 3
3238 250 8 3
3239 221 5 1
3240 166 1 2
3241 105 3 3
3242 138 7 1
3243 209 5 3
3244 265 5 3
3245 201 9 1
3246 236 2 1
3247 251 4 2
3248 212 4 1
3249 170 8 2
3250 279 6 2
3251 100 9 2
3252 182 5 1
3253 212 2 3
3254 289 7 1
3255 122 3 3
3256 192 10 1
3257 190 6 4
3258 264 0 2
3259 173 10 2
3260 121 7 4
3261 194 5 1
3262 198 1 3
3263 258 2 2
3264 281 0 2
3265 150 3 1
3266 298 7 3
3267 150 5 2
3268 244 5 1
3269 250 7 3
3270 213 8 2
3271 291 7 1
3272 193 2 1
3273 191 1 4
3274 164 10 1
3275 160 5 3
3276 250 7 3
3277 298 3 4
3278 228 7 4
3279 157 9 4
3280 123 6 4
3281 224 3 4
3282 186 9 2
3283 228 0 3
3284 285 8 3
3285 169 2 1
3286 133 3 2
3287 158 8 3
3288 182 3 3
3289 229 2 1
3290 102 9 1
3291 271 10 3
3292 137 1 4
3293 120 6 4
3294 231 9 1
3295 270 6 3
3296 287 9 2
3297 198 2 1
3298 142 9 2
3299 189 0 4
3300 158 4 3
3301 142 3 3
3302 293 1 3
3303 180 3 4
3304 265 9 4
3305 241 7 2
3306 224 1 4
3307 253 0 2
3308 250 1 1
3309 104 8 4
3310 113 3 4
3311 106 9 1
3312 240 10 1
3313 297 7 3
3314 150 7 4
3315 177 10 4
3316 229 10 4
3317 153 7 4
3318 245 1 2
3319 255 5 4
3320 287 1 4
3321 140 10 2
3322 217 3 3
3323 265 9 4
3324 184 6 4
3325 213 8 2
3326 296 3 4
3327 191 9 2
3328 282 2 3
3329 235 3 4
3330 227 5 4
3331 147 8 4
3332 219 2 4
3333 142 10 4
3334 286 5 4
3335 184 4 1
3336 246 0 2
3337 116 1 2
3338 216 7 4
3339 108 9 3
3340 122 5 3
3341 100 8 4
3342 249 10 2
3343 212 7 2
3344 175 7 3
3345 168 7 1
3346 115 2 4
3347 140 9 4
3348 250 4 2
3349 155 6 3
3350 104 8 3
3351 207 9 1
3352 296 1 3
3353 251 8 3
3354 247 3 2
3355 141 4 2
3356 173 7 4
3357 271 10 1
3358 244 1 3
3359 149 6 3
3360 263 8 1
3361 197 7 2
3362 200 5 2
3363 218 8 4
3364 212 2 2
3365 204 10 2
3366 171 2 1
3367 139 5 2
3368 185 8 3
3369 248 6 3
3370 166 7 4
3371 134 10 1
3372 218 8 4
3373 292 9 1
3374 248 10 4
3375 145 1 2
3376 257 6 4
3377 208 3 1
3378 254 7 3
3379 262 4 2
3380 247 3 3
3381 230 10 4
3382 265 3 4
3383 110 8 2
3384 181 10 4
3385 179 6 4
3386 153 10 3
3387 250 8 2
3388 266 6 4
3389 263 9 2
3390 209 7 1
3391 119 7 2
3392 247 9 1
3393 107 2 1
3394 296 8 2
3395 290 10 3
3396 198 5 4
3397 151 5 1
3398 267 4 3
3399 272 0 4
3400 258 4 1
3401 191 9 4
3402 209 4 1
3403 272 3 2
3404 101 0 4
3405 141 4 2
3406 200 10 2
3407 264 2 4
3408 164 2 3
3409 241 8 4
3410 200 4 3
3411 203 1 2
3412 123 2 4
3413 260 1 4
3414 262 8 3
3415 254 1 1
3416 200 4 1
3417 263 4 3
3418 268 10 2
3419 268 2 4
3420 272 9 4
3421 208 3 1
3422 210 5 2
3423 123 2 1
3424 263 5 4
3425 122 3 2
3426 167 5 2
3427 207 8 4
3428 130 8 3
3429 180 9 4
3430 149 5 3
3431 290 2 2
3432 287 4 2
3433 165 9 3
3434 164 1 2
3435 241 4 1
3436 258 8 4
3437 197 9 4
3438 284 3 1
3439 199 9 1
3440 266 0 4
3441 228 4 4
3442 240 1 2
3443 147 9 1
3444 295 8 4
3445 136 3 1
3446 208 3 3
3447 288 4 2
3448 189 2 1
3449 266 1 1
3450 274 4 4
3451 259 10 4
3452 261 9 3
3453 295 2 2
3454 228 8 1
3455 130 2 3
3456 238 0 2
3457 112 8 3
3458 104 5 3
3459 143 2 3
3460 105 4 1
3461 174 9 1
3462 245 0 4
3463 222 4 4
3464 114 9 4
3465 144 10 2
3466 199 4 3
3467 183 2 1
3468 145 4 2
3469 291 2 1
3470 103 0 1
3471 162 6 2
3472 115 1 2
3473 189 9 3
3474 152 1 4
3475 204 4 3
3476 275 0 2
3477 274 10 2
3478 216 9 1
3479 247 10 2
3480 220 4 3
3481 182 10 3
3482 225 7 4
3483 221 5 2
3484 248 0 2
3485 186 8 4
3486 100 10 4
3487 212 0 3
3488 296 3 2
3489 281 7 3
3490 240 4 1
3491 275 5 3
3492 237 6 1
3493 207 2 1
3494 256 3 2
3495 265 6 4
3496 203 10 3
3497 194 4 3
3498 112 6 2
3499 188 0 3
3500 131 3 3
3501 107 6 1
3502 213 1 1
3503 142 3 1
3504 250 1 1
3505 279 0 2
3506 232 9 2
3507 277 9 1
3508 137 0 3
3509 121 9 4
3510 208 6 3
3511 274 2 2
3512 200 7 3
3513 250 8 2
3514 299 7 4
3515 282 3 1
3516 140 6 1
3517 234 3 3
3518 156 8 4
3519 264 7 2
3520 126 6 3
3521 107 2 2
3522 240 8 3
3523 285 1 3
3524 193 9 4
3525 297 7 2
3526 271 8 2
3527 277 9 2
3528 172 10 4
3529 258 7 3
3530 227 1 4
3531 156 4 3
3532 267 10 3
3533 197 0 3
3534 214 8 2
3535 299 0 2
3536 143 6 4
3537 102 5 2
3538 126 6 4
3539 173 9 4
3540 259 7 1
3541 146 0 4
3542 267 5 4
3543 110 3 2
3544 200 8 1
3545 124 6 2
3546 169 0 1
3547 271 0 3
3548 256 3 4
3549 104 4 1
3550 182 1 4
3551 175 6 1
3552 202 6 1
3553 111 3 2
3554 185 9 3
3555 223 2 1
3556 204 5 3
3557 159 4 2
3558 134 0 1
3559 198 5 3
3560 251 6 3
3561 267 9 3
3562 130 4 2
3563 237 9 3
3564 252 8 1
3565 117 6 3
3566 224 9 2
3567 214 3 4
3568 125 4 2
3569 265 7 1
3570 167 0 1
3571 115 4 4
3572 127 5 2
3573 239 1 1
3574 170 3 2
3575 152 4 2
3576 139 2 4
3577 235 8 3
3578 133 7 2
3579 148 1 3
3580 131 8 1
3581 273 9 4
3582 193 5 3
3583 223 1 3
3584 299 8 3
3585 129 5 2
3586 221 4 2
3587 290 2 3
3588 205 4 2
3589 183 4 1
3590 121 4 1
3591 200 1 2
3592 166 5 2
3593 244 8 1
3594 101 8 1
3595 224 2 4
3596 277 4 1
3597 123 8 3
3598 264 9 3
3599 290 1 4
3600 276 6 2
3601 173 0 2
3602 293 9 1
3603 215 7 4
3604 296 6 1
3605 109 0 1
3606 186 5 2
3607 186 10 2
3608 239 4 1
3609 168 7 4
3610 125 5 3
3611 167 1 4
3612 259 4 4
3613 256 5 3
3614 133 9 2
3615 239 8 4
3616 184 4 1
3617 138 10 1
3618 122 9 1
3619 236 0 1
3620 161 7 4
3621 194 5 3
3622 132 6 1
3623 277 2 3
3624 168 5 2
3625 105 6 1
3626 139 8 3
3627 253 2 2
3628 113 7 4
3629 177 5 2
3630 121 1 1
3631 239 1 3
3632 114 0 1
3633 245 9 3
3634 272 5 2
3635 166 9 3
3636 238 7 1
3637 279 4 2
3638 238 6 4
3639 181 8 4
3640 242 10 2
3641 266 3 4
3642 117 6 4
3643 107 2 2
3644 135 4 1
3645 255 2 3
3646 270 1 1
3647 193 1 1
3648 199 3 1
3649 277 2 4
3650 199 6 3
3651 115 3 2
3652 129 8 1
3653 245 5 4
3654 204 2 2
3655 228 8 2
3656 148 3 4
3657 254 3 1
3658 248 1 3
3659 158 4 1
3660 248 5 3
3661 279 3 2
3662 261 7 2
3663 238 8 2
3664 280 0 4
3665 294 7 2
3666 235 2 1
3667 195 2 2
3668 190 0 1
3669 195 1 3
3670 288 4 3
3671 285 1 2
3672 143 5 1
3673 144 6 3
3674 227 9 2
3675 172 4 4
3676 192 0 4
3677 274 4 2
3678 168 4 2
3679 265 3 2
3680 226 10 4
3681 286 3 4
3682 159 1 2
3683 168 10 1
3684 229 1 3
3685 164 6 4
3686 138 7 4
3687 200 0 2
3688 133 6 2
3689 287 6 4
3690 103 4 2
3691 283 9 2
3692 158 0 3
3693 253 9 4
3694 223 6 2
3695 143 1 1
3696 290 2 1
3697 165 3 2
3698 200 1 4
3699 289 2 3
3700 167 4 4
3701 118 3 2
3702 197 10 3
3703 128 0 3
3704 221 10 3
3705 150 8 2
3706 103 0 2
3707 228 3 3
3708 183 0 2
3709 129 6 3
3710 236 4 2
3711 106 5 2
3712 225 4 1
3713 206 7 4
3714 172 8 2
3715 126 9 3
3716 181 8 3
3717 261 3 3
3718 190 2 3
3719 264 7 2
3720 203 9 2
3721 128 4 4
3722 185 3 2
3723 175 10 2
3724 250 4 1
3725 125 10 4
3726 217 8 2
3727 189 3 2
3728 133 3 1
3729 209 0 3
3730 295 10 2
3731 263 7 4
3732 235 0 3
3733 212 7 4
3734 246 10 2
3735 243 2 4
3736 117 0 2
3737 273 3 1
3738 214 0 2
3739 166 3 3
3740 145 5 3
3741 114 6 1
3742 140 8 1
3743 171 0 4
3744 218 9 4
3745 104 10 2
3746 114 5 3
3747 148 2 2
3748 174 6 4
3749 254 2 4
3750 136 7 3
3751 260 10 2
3752 188 1 3
3753 193 8 2
3754 173 8 4
3755 181 5 4
3756 120 3 2
3757 221 1 4
3758 289 2 1
3759 227 0 3
3760 215 9 1
3761 160 1 2
3762 126 9 2
3763 243 2 2
3764 241 10 1
3765 123 4 4
3766 233 1 3
3767 194 0 2
3768 129 3 1
3769 161 10 4
3770 294 4 3
3771 160 1 1
3772 203 8 4
3773 243 1 1
3774 112 6 3
3775 247 10 1
3776 186 1 2
3777 208 0 4
3778 211 8 3
3779 114 7 4
3780 240 7 2
3781 275 2 2
3782 124 7 4
3783 167 5 1
3784 218 10 4
3785 243 8 1
3786 134 6 1
3787 259 2 1
3788 109 7 4
3789 260 9 3
3790 106 2 1
3791 190 9 2
3792 121 1 1
3793 198 10 4
3794 273 1 4
3795 245 4 3
3796 275 5 1
3797 164 0 2
3798 276 3 3
3799 179 0 1
3800 218 8 2
3801 251 4 2
3802 291 2 2
3803 194 3 1
3804 167 6 4
3805 209 9 1
3806 171 9 3
3807 213 7 1
3808 178 9 4
3809 116 10 4
3810 135 9 4
3811 137 3 1
3812 270 2 4
3813 283 2 2
3814 161 5 2
3815 179 8 2
3816 188 6 1
3817 238 10 2
3818 234 1 2
3819 197 1 4
3820 118 9 2
3821 167 0 1
3822 218 10 3
3823 218 8 3
3824 293 3 3
3825 293 0 4
3826 209 2 4
3827 206 7 2
3828 148 8 1
3829 176 2 1
3830 206 5 1
3831 264 4 4
3832 236 4 1
3833 233 9 4
3834 207 9 3
3835 142 7 2
3836 132 8 2
3837 203 9 4
3838 263 7 3
3839 244 1 4
3840 272 5 3
3841 138 7 2
3842 107 5 3
3843 226 5 1
3844 250 6 3
3845 206 0 4
3846 104 7 4
3847 160 5 1
3848 149 8 3
3849 188 7 1
3850 130 3 2
3851 108 3 1
3852 275 0 3
3853 169 6 4
3854 267 2 2
3855 213 8 2
3856 252 10 2
3857 234 0 2
3858 265 3 3
3859 263 1 2
3860 276 8 3
3861 139 9 2
3862 295 6 1
3863 173 8 1
3864 242 10 1
3865 199 2 1
3866 222 6 4
3867 262 8 1
3868 212 4 1
3869 127 3 3
3870 213 9 1
3871 213 4 1
3872 215 3 1
3873 267 0 1
3874 235 3 3
3875 264 5 2
3876 242 6 4
3877 169 9 2
3878 171 4 1
3879 195 3 4
3880 162 10 4
3881 148 3 3
3882 219 8 4
3883 220 0 1
3884 289 2 4
3885 200 9 4
3886 189 1 3
3887 211 6 4
3888 150 7 3
3889 292 1 3
3890 196 0 1
3891 234 3 1
3892 245 5 3
3893 289 7 4
3894 157 3 4
3895 119 2 2
3896 106 10 4
3897 146 1 1
3898 263 9 2
3899 269 6 4
3900 112 3 4
3901 239 1 4
3902 181 6 1
3903 167 9 1
3904 122 2 4
3905 141 2 3
3906 246 10 1
3907 102 4 3
3908 191 9 1
3909 235 9 3
3910 283 1 3
3911 161 6 4
3912 230 2 4
3913 103 5 4
3914 211 2 1
3915 295 3 2
3916 240 1 3
3917 215 4 3
3918 194 7 4
3919 252 5 2
3920 118 0 3
3921 222 10 2
3922 151 5 3
3923 111 0 4
3924 283 8 1
3925 149 7 3
3926 168 4 4
3927 187 5 3
3928 190 9 3
3929 155 5 1
3930 162 9 3
3931 111 0 4
3932 292 3 1
3933 291 2 1
3934 165 3 4
3935 238 8 4
3936 104 0 3
3937 257 0 3
3938 279 2 2
3939 275 4 1
3940 256 4 3
3941 221 1 2
3942 236 10 4
3943 168 2 1
3944 110 2 3
3945 150 3 3
3946 173 10 2
3947 145 5 3
3948 196 1 1
3949 137 4 4
3950 183 8 1
3951 287 8 4
3952 280 4 1
3953 287 5 3
3954 275 2 1
3955 217 10 2
3956 122 0 3
3957 145 6 4
3958 290 7 3
3959 252 8 1
3960 162 10 1
3961 170 0 4
3962 243 1 4
3963 197 1 4
3964 152 1 4
3965 274 5 1
3966 261 4 3
3967 223 4 4
3968 228 2 2
3969 103 1 4
3970 279 1 1
3971 265 10 3
3972 138 3 4
3973 198 1 1
3974 278 8 3
3975 143 9 4
3976 224 4 2
3977 237 0 4
3978 104 6 2
3979 107 1 2
3980 280 2 2
3981 275 5 1
3982 107 5 3
3983 259 5 3
3984 100 4 3
3985 211 8 3
3986 166 5 1
3987 123 0 2
3988 177 6 2
3989 234 4 2
3990 196 8 4
3991 278 7 2
3992 176 6 3
3993 187 6 1
3994 238 6 3
3995 111 5 3
3996 212 2 2
3997 244 5 2
3998 219 8 3
3999 115 9 3
4000 267 8 3
4001 187 1 3
4002 183 3 3
4003 106 1 1
4004 247 4 2
4005 278 3 2
4006 292 3 3
4007 261 1 3
4008 201 7 3
4009 135 4 2
4010 104 5 3
4011 163 6 4
4012 199 8 4
4013 221 7 4
4014 297 4 2
4015 142 8 1
4016 202 2 4
4017 272 9 3
4018 127 10 3
4019 233 9 2
4020 262 1 4
4021 231 5 3
4022 215 4 2
4023 280 4 2
4024 120 0 1
4025 120 5 4
4026 216 8 3
4027 131 1 3
4028 236 3 2
4029 293 8 3
4030 159 4 4
4031 258 10 3
4032 257 6 3
4033 203 0 1
4034 235 5 3
4035 258 10 3
4036 297 5 3
4037 275 4 1
4038 127 5 2
4039 232 7 2
4040 183 9 1
4041 291 7 1
4042 215 2 1
4043 190 3 3
4044 248 8 2
4045 233 1 4
4046 288 9 1
4047 157 10 1
4048 203 0 4
4049 162 6 3
4050 277 1 1
4051 200 5 2
4052 286 7 2
4053 287 2 2
4054 285 1 4
4055 183 1 3
4056 119 7 3
4057 156 0 4
4058 206 0 3
4059 172 6 4
4060 151 4 4
4061 234 7 3
4062 163 2 4
4063 260 0 4
4064 242 5 3
4065 145 5 3
4066 219 1 1
4067 203 4 4
4068 133 5 1
4069 167 7 3
4070 283 5 3
4071 161 1 4
4072 265 1 1
4073 276 4 4
4074 278 7 1
4075 184 0 2
4076 147 0 4
4077 207 0 3
4078 148 3 3
4079 112 1 3
4080 162 1 1
4081 296 5 2
4082 161 2 4
4083 259 4 4
4084 144 4 3
4085 270 7 3
4086 179 1 4
4087 189 5 3
4088 184 3 3
4089 152 9 4
4090 115 1 1
4091 194 4 2
4092 136 3 1
4093 265 3 3
4094 267 5 2
4095 256 2 3
4096 202 2 2
4097 292 3 4
4098 261 2 2
4099 254 7 1
4100 104 8 3
4101 115 8 3
4102 260 5 2
4103 205 8 4
4104 168 6 2
4105 248 9 1
4106 115 4 3
4107 135 9 4
4108 246 1 3
4109 206 6 3
4110 252 7 4
4111 159 1 1
4112 184 1 3
4113 126 8 3
4114 232 8 4
4115 130 1 3
4116 279 3 3
4117 151 4 3
4118 230 7 2
4119 159 4 1
4120 231 10 4
4121 100 2 4
4122 129 10 4
4123 130 4 3
4124 255 2 2
4125 166 7 1
4126 213 4 1
4127 127 6 2
4128 159 4 4
4129 281 8 4
4130 249 1 2
4131 148 4 3
4132 171 1 3
4133 273 4 2
4134 225 5 3
4135 149 2 3
4136 220 10 3
4137 269 2 1
4138 161 8 4
4139 207 1 1
4140 285 1 3
4141 269 7 1
4142 209 5 1
4143 203 1 3
4144 125 1 3
4145 251 4 4
4146 243 2 2
4147 230 5 1
4148 218 7 3
4149 126 3 2
4150 137 0 3
4151 181 4 3
4152 169 10 2
4153 145 5 1
4154 141 10 3
4155 150 10 1
4156 264 10 2
4157 248 1 3
4158 297 6 2
4159 101 5 4
4160 151 10 4
4161 101 2 1
4162 152 4 3
4163 297 2 1
4164 183 3 3
4165 233 0 2
4166 295 8 2
4167 204 8 3
4168 120 7 2
4169 129 10 1
4170 182 4 2
4171 295 7 1
4172 148 8 4
4173 248 5 4
4174 104 2 1
4175 127 6 4
4176 154 7 1
4177 100 2 2
4178 180 2 2
4179 260 0 2
4180 285 9 1
4181 124 4 1
4182 112 7 3
4183 180 6 2
4184 154 5 4
4185 151 10 4
4186 203 10 2
4187 106 4 4
4188 219 9 4
4189 195 4 2
4190 223 1 2
4191 101 6 1
4192 158 10 1
4193 219 10 1
4194 153 0 2
4195 105 4 3
4196 274 9 1
4197 140 5 4
4198 237 0 3
4199 133 8 4
4200 262 1 2
4201 300 1 1
4202 195 7 4
4203 201 7 1
4204 171 3 3
4205 168 2 2
4206 179 1 2
4207 161 4 1
4208 217 9 2
4209 288 8 2
4210 179 9 2
4211 225 6 3
4212 190 8 4
4213 150 7 1
4214 204 4 1
4215 191 6 1
4216 228 8 1
4217 252 7 1
4218 284 3 4
4219 126 3 4
4220 145 8 1
4221 264 9 2
4222 228 3 3
4223 208 1 2
4224 213 8 2
4225 256 1 4
4226 144 10 1
4227 132 6 1
4228 103 0 3
4229 188 2 2
4230 120 2 4
4231 237 4 4
4232 269 1 1
4233 253 8 2
4234 174 5 4
4235 145 1 2
4236 228 2 2
4237 177 6 1
4238 106 9 3
4239 165 1 3
4240 282 3 3
4241 129 7 1
4242 217 3 3
4243 186 7 2
4244 145 8 2
4245 273 7 2
4246 255 2 1
4247 226 7 4
4248 255 9 2
4249 150 2 2
4250 240 10 4
4251 213 6 3
4252 242 1 4
4253 175 10 2
4254 225 3 4
4255 250 0 1
4256 251 4 2
4257 290 4 3
4258 160 8 1
4259 175 7 2
4260 262 8 1
4261 189 5 3
4262 295 0 2
4263 220 10 1
4264 257 10 4
4265 123 2 4
4266 137 0 4
4267 125 7 2
4268 292 1 1
4269 175 5 3
4270 244 4 4
4271 299 6 1
4272 135 2 2
4273 286 10 3
4274 236 0 2
4275 201 1 1
4276 169 2 2
4277 203 7 3
4278 195 4 2
4279 201 4 3
4280 171 7 4
4281 197 9 1
4282 117 4 1
4283 108 1 4
4284 232 8 2
4285 148 0 2
4286 261 4 3
4287 296 1 2
4288 113 1 2
4289 206 0 4
4290 222 6 3
4291 241 8 1
4292 114 8 2
4293 222 5 2
4294 179 10 1
4295 159 10 1
4296 259 10 2
4297 158 4 3
4298 244 6 2
4299 300 5 4
4300 279 4 4
4301 141 7 1
4302 295 8 1
4303 295 5 3
4304 290 9 4
4305 220 0 3
4306 185 4 3
4307 243 8 1
4308 212 4 2
4309 198 0 1
4310 238 2 3
4311 219 10 4
4312 182 2 1
4313 214 1 3
4314 150 2 3
4315 103 2 4
4316 129 3 3
4317 160 4 3
4318 153 5 3
4319 162 6 2
4320 225 5 2
4321 197 6 3
4322 124 9 4
4323 157 5 3
4324 222 0 3
4325 295 1 2
4326 144 5 3
4327 260 5 4
4328 129 1 3
4329 148 9 4
4330 104 7 3
4331 204 3 1
4332 182 4 4
4333 281 9 3
4334 224 0 4
4335 216 1 2
4336 100 7 1
4337 208 4 2
4338 193 2 1
4339 202 9 3
4340 181 0 4
4341 154 8 1
4342 146 3 2
4343 286 5 1
4344 288 3 2
4345 263 2 4
4346 122 5 4
4347 113 7 1
4348 150 7 3
4349 269 5 4
4350 174 5 2
4351 209 7 2
4352 283 8 1
4353 101 6 3
4354 282 10 2
4355 300 3 3
4356 110 7 3
4357 139 2 4
4358 195 9 3
4359 263 4 3
4360 129 2 3
4361 212 7 2
4362 231 5 2
4363 225 2 4
4364 100 10 3
4365 181 8 4
4366 214 1 2
4367 179 10 1
4368 226 5 1
4369 202 7 4
4370 211 0 3
4371 283 3 4
4372 155 9 4
4373 208 0 1
4374 199 4 1
4375 210 7 3
4376 295 9 3
4377 271 8 2
4378 243 2 2
4379 291 2 4
4380 168 9 1
4381 262 1 2
4382 286 7 2
4383 184 1 1
4384 174 0 3
4385 293 9 1
4386 273 4 4
4387 253 9 1
4388 236 8 1
4389 215 9 1
4390 233 2 4
4391 254 1 2
4392 297 7 2
4393 230 7 4
4394 228 1 4
4395 251 7 1
4396 169 5 4
4397 195 9 3
4398 298 10 1
4399 275 7 4
4400 197 8 2
4401 232 6 4
4402 130 10 1
4403 142 5 2
4404 134 7 3
4405 169 9 1
4406 143 9 4
4407 152 0 2
4408 214 1 4
4409 253 2 3
4410 108 1 1
4411 161 0 2
4412 280 4 4
4413 101 9 2
4414 211 2 3
4415 267 2 3
4416 199 1 4
4417 187 3 2
4418 120 9 3
4419 297 9 4
4420 222 7 2
4421 266 10 2
4422 155 7 1
4423 167 3 1
4424 157 7 3
4425 273 9 3
4426 240 1 2
4427 266 10 2
4428 158 3 4
4429 222 7 2
4430 148 10 4
4431 162 1 2
4432 161 2 2
4433 149 1 4
4434 154 9 2
4435 181 0 2
4436 172 9 2
4437 149 10 4
4438 211 5 3
4439 279 10 3
4440 179 0 4
4441 147 8 4
4442 133 4 2
4443 279 9 4
4444 226 0 1
4445 238 9 4
4446 220 4 1
4447 181 8 2
4448 264 6 3
4449 219 5 4
4450 198 5 2
4451 103 10 4
4452 155 6 3
4453 188 10 4
4454 176 3 1
4455 196 9 1
4456 226 3 2
4457 139 2 2
4458 167 2 2
4459 140 4 3
4460 196 4 3
4461 170 3 4
4462 196 6 1
4463 147 6 2
4464 211 10 3
4465 287 5 1
4466 300 2 1
4467 122 2 1
4468 106 9 2
4469 175 7 3
4470 190 0 2
4471 140 6 1
4472 228 1 2
4473 238 4 3
4474 175 7 2
4475 107 8 1
4476 290 7 2
4477 185 10 1
4478 150 0 2
4479 220 5 3
4480 200 10 2
4481 108 2 3
4482 185 4 1
4483 243 7 4
4484 265 0 4
4485 136 4 3
4486 101 3 4
4487 228 3 2
4488 153 2 1
4489 234 7 2
4490 237 0 2
4491 239 7 4
4492 239 4 3
4493 296 7 3
4494 221 5 2
4495 158 3 1
4496 211 0 1
4497 113 0 3
4498 255 0 4
4499 193 10 1
4500 288 6 3
4501 215 4 1
4502 130 3 1
4503 254 9 1
4504 136 7 2
4505 294 0 4
4506 203 6 4
4507 279 8 1
4508 110 10 1
4509 185 4 4
4510 297 9 1
4511 276 2 2
4512 218 1 3
4513 177 7 4
4514 296 10 1
4515 219 8 3
4516 284 7 3
4517 202 2 3
4518 251 10 2
4519 211 3 2
4520 176 0 4
4521 176 3 4
4522 124 8 2
4523 281 1 2
4524 275 1 2
4525 188 8 1
4526 210 6 4
4527 266 2 3
4528 292 3 1
4529 233 2 1
4530 132 7 1
4531 178 0 2
4532 217 1 3
4533 245 3 1
4534 202 9 4
4535 238 4 2
4536 164 8 3
4537 135 6 3
4538 121 9 4
4539 105 5 4
4540 296 5 3
4541 142 8 3
4542 295 10 2
4543 282 5 3
4544 248 1 1
4545 168 5 1
4546 208 9 4
4547 112 0 1
4548 178 0 2
4549 137 9 4
4550 205 6 4
4551 117 9 2
4552 185 1 1
4553 114 10 3
4554 103 1 2
4555 209 5 2
4556 132 1 4
4557 114 2 1
4558 207 4 4
4559 129 2 4
4560 149 0 1
4561 211 6 2
4562 164 8 4
4563 269 5 1
4564 262 1 4
4565 101 2 3
4566 219 9 4
4567 128 3 2
4568 151 2 4
4569 242 9 4
4570 124 10 3
4571 113 3 4
4572 113 5 1
4573 261 9 2
4574 296 5 4
4575 118 7 4
4576 127 5 4
4577 279 9 4
4578 280 10 2
4579 225 8 1
4580 255 8 3
4581 112 7 2
4582 270 2 2
4583 227 8 4
4584 250 1 3
4585 147 7 4
4586 197 7 2
4587 122 8 2
4588 272 0 2
4589 133 1 1
4590 172 10 2
4591 280 1 4
4592 257 1 2
4593 151 6 4
4594 226 0 1
4595 141 6 1
4596 107 9 3
4597 295 10 2
4598 261 6 1
4599 169 10 4
4600 183 3 2
4601 216 9 3
4602 299 5 1
4603 239 3 3
4604 101 10 2
4605 293 5 3
4606 199 9 3
4607 189 2 1
4608 210 6 2
4609 237 8 2
4610 202 2 2
4611 265 7 3
4612 249 2 1
4613 186 3 2
4614 185 7 4
4615 156 6 3
4616 223 0 1
4617 199 8 4
4618 293 9 1
4619 181 1 1
4620 166 7 3
4621 150 4 3
4622 285 4 2
4623 198 3 3
4624 258 2 2
4625 226 3 4
4626 212 4 2
4627 267 5 4
4628 279 10 2
4629 296 7 3
4630 159 1 1
4631 225 7 2
4632 181 9 4
4633 282 3 1
4634 191 4 3
4635 145 8 3
4636 207 10 1
4637 297 9 4
4638 120 4 3
4639 161 6 4
4640 228 2 2
4641 217 2 3
4642 144 4 4
4643 242 1 1
4644 141 7 3
4645 247 9 1
4646 179 0 3
4647 179 9 2
4648 188 0 4
4649 149 5 2
4650 264 9 2
4651 292 5 2
4652 147 9 2
4653 206 2 4
4654 229 7 3
4655 139 5 1
4656 257 2 4
4657 249 5 4
4658 279 10 2
4659 221 2 1
4660 277 4 1
4661 204 7 4
4662 115 5 3
4663 191 0 1
4664 153 6 1
4665 171 4 2
4666 101 6 2
4667 225 7 2
4668 151 1 1
4669 183 7 4
4670 181 6 1
4671 208 10 3
4672 248 10 4
4673 203 6 3
4674 117 4 4
4675 148 9 3
4676 111 6 1
4677 164 9 4
4678 266 1 2
4679 262 4 1
4680 175 0 2
4681 125 3 2
4682 110 1 3
4683 271 0 4
4684 178 1 4
4685 210 2 3
4686 169 0 2
4687 144 1 1
4688 116 9 1
4689 224 10 4
4690 101 6 4
4691 271 8 3
4692 183 3 4
4693 155 3 3
4694 108 6 4
4695 147 1 3
4696 229 0 3
4697 209 9 1
4698 149 5 4
4699 110 10 2
4700 220 4 1
4701 206 6 3
4702 289 9 2
4703 222 10 1
4704 161 0 3
4705 266 7 4
4706 219 10 2
4707 231 3 1
4708 267 4 1
4709 137 8 1
4710 190 8 2
4711 137 10 1
4712 290 1 2
4713 158 0 2
4714 257 5 2
4715 204 2 4
4716 179 4 2
4717 286 8 2
4718 136 8 1
4719 209 3 4
4720 255 10 3
4721 130 0 1
4722 109 6 3
4723 240 9 3
4724 196 3 1
4725 188 5 1
4726 178 9 2
4727 127 0 2
4728 222 0 1
4729 280 2 4
4730 251 1 3
4731 290 4 4
4732 263 6 3
4733 218 10 2
4734 159 6 3
4735 110 1 2
4736 261 8 2
4737 175 5 4
4738 122 4 3
4739 135 7 2
4740 207 4 2
4741 189 7 3
4742 268 10 2
4743 198 3 1
4744 187 1 1
4745 286 10 1
4746 150 4 1
4747 117 5 2
4748 150 4 1
4749 292 6 1
4750 299 3 4
4751 158 8 2
4752 276 4 2
4753 226 4 1
4754 167 2 3
4755 118 10 1
4756 168 8 3
4757 139 7 4
4758 230 7 3
4759 133 2 2
4760 228 6 2
4761 144 2 3
4762 226 8 4
4763 188 4 3
4764 108 8 4
4765 173 9 2
4766 139 9 2
4767 231 4 3
4768 287 0 4
4769 208 7 1
4770 128 0 1
4771 264 5 4
4772 152 6 4
4773 165 3 2
4774 180 4 2
4775 202 9 3
4776 188 2 2
4777 161 7 1
4778 212 2 1
4779 244 2 2
4780 270 10 2
4781 103 6 3
4782 276 9 3
4783 125 0 4
4784 165 10 4
4785 237 1 1
4786 214 10 4
4787 253 7 2
4788 218 0 3
4789 256 5 1
4790 218 10 1
4791 116 10 2
4792 138 0 2
4793 107 8 3
4794 238 3 1
4795 207 2 2
4796 220 5 3
4797 126 2 3
4798 231 2 3
4799 166 9 2
4800 157 6 1
4801 186 0 2
4802 263 5 2
4803 146 6 2
4804 162 7 4
4805 276 5 3
4806 210 4 1
4807 126 5 3
4808 218 4 4
4809 120 10 1
4810 184 8 1
4811 203 2 3
4812 176 9 3
4813 154 8 2
4814 291 4 2
4815 220 9 1
4816 274 1 3
4817 223 7 2
4818 130 6 3
4819 186 10 3
4820 263 4 2
4821 295 7 3
4822 122 8 1
4823 121 7 3
4824 191 10 3
4825 260 9 1
4826 209 7 3
4827 255 6 2
4828 266 4 4
4829 287 7 4
4830 178 0 1
4831 260 10 1
4832 259 3 1
4833 250 4 2
4834 275 8 1
4835 130 3 4
4836 257 6 2
4837 167 2 1
4838 256 6 4
4839 257 9 4
4840 145 6 3
4841 289 7 4
4842 115 10 1
4843 240 6 2
4844 246 0 4
4845 107 7 4
4846 181 5 4
4847 285 7 3
4848 157 5 4
4849 105 1 4
4850 254 0 4
4851 110 7 4
4852 152 4 2
4853 198 2 2
4854 293 10 4
4855 219 10 1
4856 100 9 1
4857 204 7 2
4858 191 0 4
4859 212 5 3
4860 244 8 2
4861 223 7 2
4862 189 5 4
4863 277 4 3
4864 297 4 2
4865 248 1 1
4866 248 2 3
4867 258 4 1
4868 250 5 4
4869 140 0 2
4870 289 1 4
4871 188 8 4
4872 287 10 4
4873 112 3 2
4874 233 9 2
4875 273 8 2
4876 199 4 2
4877 258 10 2
4878 238 4 1
4879 286 2 2
4880 177 8 1
4881 105 10 1
4882 286 10 1
4883 299 6 3
4884 108 7 4
4885 191 0 4
4886 237 10 2
4887 120 8 3
4888 221 4 1
4889 245 3 3
4890 297 0 1
4891 247 8 2
4892 243 4 1
4893 296 8 4
4894 287 9 3
4895 144 4 3
4896 125 5 1
4897 189 4 3
4898 284 10 2
4899 211 4 2
4900 106 5 1
4901 135 7 4
4902 276 2 4
4903 164 10 3
4904 217 5 4
4905 244 9 3
4906 139 5 2
4907 128 2 2
4908 291 9 4
4909 249 1 1
4910 295 4 4
4911 291 0 2
4912 249 5 4
4913 136 6 1
4914 105 9 4
4915 293 3 3
4916 116 5 3
4917 295 6 3
4918 185 4 2
4919 147 8 4
4920 221 1 1
4921 293 9 3
4922 155 0 2
4923 261 0 1
4924 177 6 1
4925 225 8 2
4926 278 6 3
4927 245 10 3
4928 182 4 1
4929 273 9 2
4930 107 9 3
4931 265 9 1
4932 129 5 2
4933 138 2 1
4934 165 4 2
4935 230 8 3
4936 267 10 4
4937 189 6 2
4938 285 4 2
4939 108 2 4
4940 296 6 2
4941 276 0 4
4942 209 0 2
4943 265 3 2
4944 161 3 1
4945 243 9 1
4946 273 6 3
4947 295 8 2
4948 190 0 1
4949 136 10 3
4950 263 10 4
4951 234 7 3
4952 180 10 3
4953 239 9 2
4954 210 0 2
4955 229 3 2
4956 117 4 2
4957 227 0 1
4958 240 2 1
4959 143 6 2
4960 227 1 4
4961 254 7 3
4962 164 7 3
4963 127 8 4
4964 230 0 1
4965 208 10 2
4966 130 3 3
4967 155 0 4
4968 126 6 3
4969 205 9 4
4970 287 3 2
4971 183 9 1
4972 233 4 3
4973 146 5 2
4974 197 0 3
4975 260 4 1
4976 195 1 1
4977 155 6 2
4978 107 3 2
4979 217 2 3
4980 100 8 1
4981 290 7 3
4982 188 6 2
4983 279 7 1
4984 133 6 4
4985 280 5 4
4986 106 0 4
4987 247 5 4
4988 200 8 1
4989 207 9 2
4990 113 7 3
4991 142 9 1
4992 201 10 4
4993 102 3 2
4994 251 7 1
4995 114 10 1
4996 114 8 2
4997 203 6 2
4998 215 3 1
4999 114 0 1
5000 205 7 1
5001 186 10 3
5002 199 8 1
5003 152 1 1
5004 128 6 4
5005 219 4 4
5006 206 2 2
5007 177 1 1
5008 225 2 2
5009 117 0 1
5010 284 2 3
5011 195 0 4
5012 128 5 4
5013 208 7 1
5014 276 0 1
5015 217 8 3
5016 174 9 1
5017 243 8 3
5018 109 5 4
5019 280 6 2
5020 297 7 3
5021 218 0 3
5022 212 10 3
5023 171 5 2
5024 249 6 3
5025 195 10 3
5026 221 10 1
5027 113 7 1
5028 272 3 2
5029 156 1 4
5030 281 8 2
5031 148 8 4
5032 162 5 4
5033 252 10 3
5034 290 4 4
5035 107 9 1
5036 218 1 3
5037 241 9 1
5038 180 10 4
5039 251 0 4
5040 241 2 1
5041 140 9 3
5042 102 10 1
5043 214 10 1
5044 176 2 2
5045 222 3 4
5046 290 0 4
5047 278 0 2
5048 151 1 2
5049 124 9 4
5050 138 8 3
5051 283 10 1
5052 109 4 3
5053 163 9 2
5054 227 4 2
5055 137 0 4
5056 235 1 4
5057 229 1 3
5058 123 2 4
5059 250 0 4
5060 149 1 4
5061 196 1 1
5062 300 9 1
5063 236 1 2
5064 217 4 3
5065 111 10 4
5066 118 3 2
5067 276 9 2
5068 167 5 1
5069 228 3 1
5070 279 0 3
5071 267 6 1
5072 240 1 3
5073 109 9 4
5074 181 7 4
5075 266 9 4
5076 163 6 3
5077 157 6 3
5078 269 5 1
5079 137 2 1
5080 292 2 1
5081 206 0 2
5082 193 6 2
5083 154 3 3
5084 276 6 1
5085 232 8 3
5086 193 10 3
5087 193 5 4
5088 135 9 1
5089 288 2 2
5090 131 4 4
5091 173 1 3
5092 120 9 1
5093 134 6 4
5094 190 1 3
5095 191 7 1
5096 126 1 4
5097 196 10 3
5098 137 6 3
5099 232 5 3
5100 263 5 3
5101 257 0 2
5102 276 5 3
5103 164 2 1
5104 131 1 1
5105 263 6 2
5106 180 5 3
5107 126 8 3
5108 169 5 1
5109 262 1 2
5110 208 7 3
5111 108 5 1
5112 280 5 2
5113 257 1 3
5114 219 8 2
5115 292 3 3
5116 160 4 1
5117 127 0 1
5118 295 1 1
5119 197 8 4
5120 178 6 3
5121 229 6 1
5122 188 2 3
5123 195 2 3
5124 176 10 3
5125 235 10 1
5126 208 1 2
5127 267 5 4
5128 158 4 1
5129 142 10 4
5130 173 5 4
5131 224 10 1
5132 186 5 3
5133 282 3 1
5134 270 4 2
5135 209 0 2
5136 287 3 1
5137 147 3 4
5138 254 7 4
5139 244 9 4
5140 266 7 1
5141 197 3 4
5142 168 5 1
5143 257 6 4
5144 255 6 2
5145 200 0 4
5146 120 5 2
5147 249 0 4
5148 189 4 3
5149 161 7 3
5150 145 5 2
5151 123 0 3
5152 249 2 2
5153 255 5 1
5154 176 4 3
5155 244 7 1
5156 100 7 1
5157 141 10 1
5158 145 3 3
5159 191 10 4
5160 296 2 3
5161 175 0 2
5162 149 3 1
5163 228 1 3
5164 208 7 3
5165 298 10 1
5166 265 0 3
5167 283 6 1
5168 220 10 3
5169 122 10 1
5170 299 3 3
5171 195 8 4
5172 130 9 3
5173 236 0 1
5174 250 4 4
5175 258 4 1
5176 203 7 1
5177 258 10 3
5178 177 1 3
5179 239 9 4
5180 107 2 1
5181 294 2 2
5182 195 3 3
5183 145 8 4
5184 102 5 2
5185 283 3 3
5186 147 3 4
5187 234 3 3
5188 101 7 2
5189 246 10 3
5190 139 1 1
5191 284 7 1
5192 252 8 4
5193 181 1 1
5194 229 5 1
5195 172 1 3
5196 195 4 1
5197 228 10 2
5198 223 1 3
5199 124 2 1
5200 268 4 2
5201 231 8 2
5202 189 3 1
5203 206 6 3
5204 250 7 2
5205 206 5 4
5206 124 9 4
5207 226 3 3
5208 202 7 3
5209 229 9 2
5210 204 0 4
5211 287 10 4
5212 284 8 1
5213 194 2 2
5214 156 1 3
5215 176 0 2
5216 147 9 1
5217 112 10 2
5218 116 3 2
5219 202 0 2
5220 262 0 3
5221 221 1 3
5222 160 5 1
5223 208 5 1
5224 214 3 2
5225 160 7 2
5226 211 9 4
5227 175 7 1
5228 247 0 4
5229 195 1 2
5230 176 9 3
5231 220 10 1
5232 132 0 4
5233 213 6 4
5234 234 5 3
5235 117 3 4
5236 150 6 1
5237 112 9 3
5238 192 2 4
5239 288 9 3
5240 227 8 3
5241 267 3 1
5242 289 0 4
5243 119 2 4
5244 204 2 1
5245 234 5 3
5246 246 5 3
5247 114 7 3
5248 196 8 3
5249 268 2 4
5250 270 4 3
5251 147 2 2
5252 288 10 2
5253 115 5 3
5254 239 0 3
5255 277 2 1
5256 135 0 3
5257 135 9 2
5258 120 3 3
5259 164 10 3
5260 238 3 1
5261 217 1 3
5262 191 9 3
5263 105 10 1
5264 114 1 4
5265 184 5 4
5266 188 2 3
5267 148 8 1
5268 145 8 1
5269 228 9 1
5270 178 1 2
5271 250 10 3
5272 249 2 3
5273 287 4 3
5274 266 4 3
5275 192 9 1
5276 257 6 4
5277 121 10 4
5278 292 7 1
5279 210 10 3
5280 193 5 4
5281 275 4 3
5282 141 7 1
5283 199 0 4
5284 107 8 4
5285 137 7 3
5286 127 3 1
5287 207 6 4
5288 269 5 2
5289 194 5 2
5290 273 6 4
5291 207 8 3
5292 189 4 2
5293 197 3 1
5294 125 6 1
5295 172 9 3
5296 270 8 4
5297 144 1 2
5298 260 4 4
5299 104 0 1
5300 196 1 2
5301 208 4 2
5302 130 10 1
5303 112 0 3
5304 205 9 2
5305 118 10 3
5306 105 9 4
5307 293 3 3
5308 125 10 1
5309 145 0 2
5310 154 4 1
5311 230 3 4
5312 164 9 2
5313 229 6 3
5314 282 2 2
5315 155 9 2
5316 118 8 3
5317 203 6 2
5318 193 10 4
5319 156 2 2
5320 174 0 4
5321 263 7 4
5322 105 4 2
5323 144 5 1
5324 242 6 2
5325 140 5 2
5326 146 6 4
5327 111 5 4
5328 166 8 2
5329 170 10 2
5330 172 5 3
5331 131 8 1
5332 127 0 4
5333 148 5 1
5334 245 6 2
5335 134 1 4
5336 136 3 4
5337 199 9 1
5338 174 0 4
5339 161 10 2
5340 221 3 1
5341 157 2 3
5342 193 7 4
5343 241 8 1
5344 269 5 3
5345 203 4 4
5346 201 8 3
5347 199 8 4
5348 158 9 3
5349 298 7 4
5350 125 8 1
5351 106 1 1
5352 160 0 4
5353 112 10 4
5354 210 8 2
5355 274 3 4
5356 203 2 3
5357 272 1 1
5358 128 4 2
5359 262 4 2
5360 110 0 4
5361 186 2 1
5362 161 2 4
5363 122 3 3
5364 232 9 2
5365 237 7 3
5366 252 4 2
5367 243 9 1
5368 230 5 3
5369 264 4 4
5370 102 4 1
5371 280 5 1
5372 135 1 3
5373 264 8 3
5374 151 2 2
5375 266 7 1
5376 286 1 4
5377 282 3 1
5378 264 3 3
5379 290 2 3
5380 171 0 3
5381 290 9 1
5382 155 6 4
5383 208 4 1
5384 152 3 4
5385 260 0 3
5386 128 8 4
5387 174 5 2
5388 230 0 1
5389 265 5 4
5390 193 3 1
5391 206 0 1
5392 188 4 2
5393 109 8 1
5394 160 9 2
5395 181 10 2
5396 165 9 3
5397 124 7 4
5398 268 10 2
5399 180 9 4
5400 170 9 4
5401 121 5 3
5402 163 4 3
5403 266 8 1
5404 221 6 1
5405 213 8 2
5406 298 7 4
5407 248 1 3
5408 193 10 3
5409 102 2 2
5410 200 6 2
5411 117 2 1
5412 225 8 2
5413 131 9 3
5414 125 0 4
5415 259 4 3
5416 135 4 3
5417 135 4 3
5418 104 3 1
5419 165 10 3
5420 168 7 2
5421 157 8 4
5422 183 1 2
5423 116 2 4
5424 281 3 2
5425 211 8 1
5426 279 4 1
5427 241 5 1
5428 238 2 1
5429 278 9 3
5430 143 6 3
5431 226 9 2
5432 226 7 2
5433 134 3 1
5434 105 8 2
5435 284 10 2
5436 240 2 1
5437 205 10 2
5438 284 4 2
5439 112 3 2
5440 285 3 4
5441 211 3 1
5442 287 8 3
5443 115 3 2
5444 244 8 1
5445 214 8 2
5446 156 4 4
5447 129 4 1
5448 253 8 1
5449 298 10 1
5450 124 10 1
5451 111 1 2
5452 218 8 1
5453 300 2 3
5454 112 8 1
5455 115 4 4
5456 235 5 4
5457 187 4 3
5458 164 6 3
5459 297 0 2
5460 217 3 1
5461 266 5 4
5462 176 8 3
5463 150 3 4
5464 242 2 4
5465 190 8 1
5466 271 3 3
5467 107 7 1
5468 131 4 2
5469 267 3 4
5470 150 5 3
5471 197 7 1
5472 101 5 1
5473 247 10 2
5474 149 2 1
5475 207 9 1
5476 255 9 3
5477 185 0 1
5478 234 10 1
5479 126 10 4
5480 119 8 3
5481 209 10 4
5482 227 2 4
5483 200 2 2
5484 149 5 3
5485 214 9 4
5486 251 8 2
5487 172 7 1
5488 154 8 4
5489 242 2 3
5490 188 4 4
5491 235 0 4
5492 204 3 1
5493 250 3 2
5494 254 10 4
5495 261 7 4
5496 105 3 4
5497 211 0 1
5498 146 6 2
5499 235 0 2
5500 217 9 2
5501 179 7 4
5502 195 10 3
5503 187 5 1
5504 255 8 3
5505 139 0 3
5506 250 7 2
5507 194 10 3
5508 221 2 3
5509 211 3 3
5510 262 6 3
5511 287 6 2
5512 105 7 1
5513 172 9 2
5514 186 8 4
5515 190 3 1
5516 145 4 4
5517 280 9 1
5518 109 0 4
5519 150 2 2
5520 160 4 3
5521 267 1 2
5522 184 2 2
5523 220 3 4
5524 191 6 1
5525 165 9 1
5526 250 5 3
5527 232 2 2
5528 134 6 2
5529 249 5 1
5530 139 9 2
5531 145 1 3
5532 129 5 3
5533 225 0 4
5534 236 0 2
5535 149 5 1
5536 119 3 1
5537 276 4 3
5538 241 0 2
5539 171 9 3
5540 105 7 1
5541 133 0 2
5542 209 7 2
5543 275 5 1
5544 161 5 2
5545 185 3 1
5546 197 6 1
5547 145 9 4
5548 271 9 4
5549 206 2 3
5550 175 4 1
5551 141 5 2
5552 133 9 4
5553 241 6 4
5554 171 5 4
5555 141 6 3
5556 129 2 4
5557 145 2 1
5558 205 2 2
5559 209 2 4
5560 155 8 1
5561 276 6 4
5562 105 4 2
5563 143 0 2
5564 120 2 1
5565 152 2 2
5566 186 9 2
5567 153 6 4
5568 297 10 4
5569 171 8 1
5570 258 0 3
5571 245 4 2
5572 242 6 2
5573 126 9 1
5574 222 4 3
5575 196 1 2
5576 205 1 1
5577 199 7 4
5578 248 9 1
5579 132 9 1
5580 134 4 3
5581 221 1 1
5582 186 2 1
5583 244 1 4
5584 210 2 1
5585 181 5 4
5586 212 6 3
5587 100 7 1
5588 155 3 4
5589 101 1 3
5590 230 7 1
5591 262 9 2
5592 300 5 1
5593 129 8 4
5594 187 7 3
5595 271 7 3
5596 260 2 4
5597 299 6 3
5598 296 2 1
5599 194 7 3
5600 187 2 2
5601 147 0 3
5602 292 5 2
5603 288 1 4
5604 103 10 3
5605 164 2 1
5606 113 10 2
5607 190 0 1
5608 205 6 3
5609 129 9 3
5610 293 7 1
5611 187 0 1
5612 107 2 1
5613 112 10 4